0.000000000000000000e+00 0.000000000000000000e+00
6.000000000000000000e+01 1.998258353960804219e-05
1.200000000000000000e+02 2.000583817008349556e-05
1.800000000000000000e+02 2.002865954153604212e-05
2.400000000000000000e+02 2.005124555931010402e-05
3.000000000000000000e+02 2.007348548229664261e-05
3.600000000000000000e+02 2.009537262889335478e-05
4.200000000000000000e+02 2.011691198341568099e-05
4.800000000000000000e+02 2.013811261185174123e-05
5.400000000000000000e+02 2.015898178959753636e-05
6.000000000000000000e+02 2.017951311828192478e-05
6.600000000000000000e+02 2.019971887463367337e-05
7.200000000000000000e+02 2.021960485820868263e-05
7.800000000000000000e+02 2.023917456384455397e-05
8.400000000000000000e+02 2.025843039546592161e-05
9.000000000000000000e+02 2.027737898764453631e-05
9.600000000000000000e+02 2.029602518377207024e-05
1.020000000000000000e+03 2.031437166710915680e-05
1.080000000000000000e+03 2.033242320186588295e-05
1.140000000000000000e+03 2.035018450203822014e-05
1.200000000000000000e+03 2.036765906230993166e-05
1.260000000000000000e+03 2.038484738871175798e-05
1.320000000000000000e+03 2.040175667617694351e-05
1.380000000000000000e+03 2.041839110283383464e-05
1.440000000000000000e+03 2.043475484681076755e-05
1.500000000000000000e+03 2.045085208623607844e-05
1.560000000000000000e+03 2.046668699923811707e-05
1.620000000000000000e+03 2.048226376394521626e-05
1.680000000000000000e+03 2.049758396316359214e-05
1.740000000000000000e+03 2.051265137509132247e-05
1.800000000000000000e+03 2.052747135409895593e-05
1.860000000000000000e+03 2.054204788055628809e-05
1.920000000000000000e+03 2.055638493483311790e-05
1.980000000000000000e+03 2.057048649729923754e-05
2.040000000000000000e+03 2.058435654832444257e-05
2.100000000000000000e+03 2.059799895864204315e-05
2.160000000000000000e+03 2.061141079831413416e-05
2.220000000000000000e+03 2.062460043512648897e-05
2.280000000000000000e+03 2.063757154363859782e-05
2.340000000000000000e+03 2.065032779840995095e-05
2.400000000000000000e+03 2.066287287400002504e-05
2.460000000000000000e+03 2.067521044496832048e-05
2.520000000000000000e+03 2.068734418587432074e-05
2.580000000000000000e+03 2.069927447515993932e-05
2.640000000000000000e+03 2.071100173243998568e-05
2.700000000000000000e+03 2.072253286021333329e-05
2.760000000000000000e+03 2.073387116456521220e-05
2.820000000000000000e+03 2.074501995158084910e-05
2.880000000000000000e+03 2.075598252734548084e-05
2.940000000000000000e+03 2.076676219794433749e-05
3.000000000000000000e+03 2.077736226946263895e-05
3.060000000000000000e+03 2.078777709363245670e-05
3.120000000000000000e+03 2.079801481434156638e-05
3.180000000000000000e+03 2.080807992485507246e-05
3.240000000000000000e+03 2.081797533531508989e-05
3.300000000000000000e+03 2.082770389597754878e-05
3.360000000000000000e+03 2.083726839721218428e-05
3.420000000000000000e+03 2.084667156950256701e-05
3.480000000000000000e+03 2.085591608344606584e-05
3.540000000000000000e+03 2.086500454975389533e-05
3.600000000000000000e+03 2.087393951925104452e-05
3.660000000000000000e+03 2.088272348287635832e-05
3.720000000000000000e+03 2.089135887168248323e-05
3.780000000000000000e+03 2.089984805683587417e-05
3.840000000000000000e+03 2.090819334961681818e-05
3.900000000000000000e+03 2.091639700141941069e-05
3.960000000000000000e+03 2.092446559296434093e-05
4.020000000000000000e+03 2.093239921367528951e-05
4.080000000000000000e+03 2.094019906344571249e-05
4.140000000000000000e+03 2.094786730101920189e-05
4.200000000000000000e+03 2.095540603116159578e-05
4.260000000000000000e+03 2.096281730466095796e-05
4.320000000000000000e+03 2.097010311832759493e-05
4.380000000000000000e+03 2.097726541499406262e-05
4.440000000000000000e+03 2.098430608351514609e-05
4.500000000000000000e+03 2.099122695876785616e-05
4.560000000000000000e+03 2.099802982165146324e-05
4.620000000000000000e+03 2.100471639908745670e-05
4.680000000000000000e+03 2.101128836401957878e-05
4.740000000000000000e+03 2.101774733541379405e-05
4.800000000000000000e+03 2.102409487825832331e-05
4.860000000000000000e+03 2.103033710663660178e-05
4.920000000000000000e+03 2.103647373493169802e-05
4.980000000000000000e+03 2.104250494851235781e-05
5.040000000000000000e+03 2.104843226046424146e-05
5.100000000000000000e+03 2.105425713650411812e-05
5.160000000000000000e+03 2.105998099497992675e-05
5.220000000000000000e+03 2.106560520687073546e-05
5.280000000000000000e+03 2.107113109578675171e-05
5.340000000000000000e+03 2.107655993796933919e-05
5.400000000000000000e+03 2.108189296229097043e-05
5.460000000000000000e+03 2.108713135025529794e-05
5.520000000000000000e+03 2.109227623599709323e-05
5.580000000000000000e+03 2.109732870628227051e-05
5.640000000000000000e+03 2.110228980050788330e-05
5.700000000000000000e+03 2.110716051070214141e-05
5.760000000000000000e+03 2.111195507234166950e-05
5.820000000000000000e+03 2.111667065226298810e-05
5.880000000000000000e+03 2.112130359535533046e-05
5.940000000000000000e+03 2.112585521021476391e-05
6.000000000000000000e+03 2.113032677849757457e-05
6.060000000000000000e+03 2.113471955492024354e-05
6.120000000000000000e+03 2.113903476725950462e-05
6.180000000000000000e+03 2.114327361635226626e-05
6.240000000000000000e+03 2.114743727609566588e-05
6.300000000000000000e+03 2.115152689344707319e-05
6.360000000000000000e+03 2.115554358842403260e-05
6.420000000000000000e+03 2.115948845410434796e-05
6.480000000000000000e+03 2.116336255662600458e-05
6.540000000000000000e+03 2.116716693518721332e-05
6.600000000000000000e+03 2.117090260204640379e-05
6.660000000000000000e+03 2.117457574553103470e-05
6.720000000000000000e+03 2.117818644351708143e-05
6.780000000000000000e+03 2.118173342310525380e-05
6.840000000000000000e+03 2.118521780138434769e-05
6.900000000000000000e+03 2.118864067710146687e-05
6.960000000000000000e+03 2.119200313066201962e-05
7.020000000000000000e+03 2.119530622412972551e-05
7.080000000000000000e+03 2.119855100122660526e-05
7.140000000000000000e+03 2.120173848733299763e-05
7.200000000000000000e+03 2.120486968948754252e-05
7.260000000000000000e+03 2.120794559638718434e-05
7.320000000000000000e+03 2.121096717838718217e-05
7.380000000000000000e+03 2.121393538750110641e-05
7.440000000000000000e+03 2.121685115740082176e-05
7.500000000000000000e+03 2.121971540341651105e-05
7.560000000000000000e+03 2.122252976000786899e-05
7.620000000000000000e+03 2.122529501709494214e-05
7.680000000000000000e+03 2.122801162512569123e-05
7.740000000000000000e+03 2.123068044457295900e-05
7.800000000000000000e+03 2.123330231814700235e-05
7.860000000000000000e+03 2.123587807079550254e-05
7.920000000000000000e+03 2.123840850970353802e-05
7.980000000000000000e+03 2.124089442429360480e-05
8.040000000000000000e+03 2.124333658622560967e-05
8.100000000000000000e+03 2.124573574939686343e-05
8.160000000000000000e+03 2.124809264994210458e-05
8.220000000000000000e+03 2.125040800623346208e-05
8.280000000000000000e+03 2.125268251888048920e-05
8.340000000000000000e+03 2.125491687073014662e-05
8.400000000000000000e+03 2.125711172686680918e-05
8.460000000000000000e+03 2.125926773461226586e-05
8.520000000000000000e+03 2.126138552352569612e-05
8.580000000000000000e+03 2.126346570540371052e-05
8.640000000000000000e+03 2.126550887428033375e-05
8.700000000000000000e+03 2.126751560642699116e-05
8.760000000000000000e+03 2.126948933415210243e-05
8.820000000000000000e+03 2.127142953190203401e-05
8.880000000000000000e+03 2.127333571478960396e-05
8.940000000000000000e+03 2.127520844971698594e-05
9.000000000000000000e+03 2.127704828774763373e-05
9.060000000000000000e+03 2.127885576410621681e-05
9.120000000000000000e+03 2.128063139817865088e-05
9.180000000000000000e+03 2.128237569351209448e-05
9.240000000000000000e+03 2.128408913781494559e-05
9.300000000000000000e+03 2.128577220295684838e-05
9.360000000000000000e+03 2.128742534496868988e-05
9.420000000000000000e+03 2.128904900404258638e-05
9.480000000000000000e+03 2.129064360453190378e-05
9.540000000000000000e+03 2.129220955495125757e-05
9.600000000000000000e+03 2.129374724797648575e-05
9.660000000000000000e+03 2.129525706044468271e-05
9.720000000000000000e+03 2.129673935335418225e-05
9.780000000000000000e+03 2.129819447186454410e-05
9.840000000000000000e+03 2.129962274529659789e-05
9.900000000000000000e+03 2.130102448713238559e-05
9.960000000000000000e+03 2.130240724527216977e-05
1.002000000000000000e+04 2.130376723899752954e-05
1.008000000000000000e+04 2.130510331398338238e-05
1.014000000000000000e+04 2.130641585608902461e-05
1.020000000000000000e+04 2.130770523955539123e-05
1.026000000000000000e+04 2.130897182700505933e-05
1.032000000000000000e+04 2.131021596944223794e-05
1.038000000000000000e+04 2.131143800625279848e-05
1.044000000000000000e+04 2.131263826520422735e-05
1.050000000000000000e+04 2.131381706244566662e-05
1.056000000000000000e+04 2.131497470250789703e-05
1.062000000000000000e+04 2.131611147830333124e-05
1.068000000000000000e+04 2.131722767112603418e-05
1.074000000000000000e+04 2.131832355065169590e-05
1.080000000000000000e+04 2.131939937493766888e-05
1.086000000000000000e+04 2.132045539042291382e-05
1.092000000000000000e+04 2.132149183192806396e-05
1.098000000000000000e+04 2.132250892265537094e-05
1.104000000000000000e+04 2.132350687418873864e-05
1.110000000000000000e+04 2.132448588649370625e-05
1.116000000000000000e+04 2.132545303526874004e-05
1.122000000000000000e+04 2.132640361884155758e-05
1.128000000000000000e+04 2.132733728682045969e-05
1.134000000000000000e+04 2.132825430688325678e-05
1.140000000000000000e+04 2.132915493862892501e-05
1.146000000000000000e+04 2.133003943357755547e-05
1.152000000000000000e+04 2.133090803517041182e-05
1.158000000000000000e+04 2.133176097876986926e-05
1.164000000000000000e+04 2.133259849165947892e-05
1.170000000000000000e+04 2.133342079304390690e-05
1.176000000000000000e+04 2.133422809404896811e-05
1.182000000000000000e+04 2.133502059772163304e-05
1.188000000000000000e+04 2.133579849902999734e-05
1.194000000000000000e+04 2.133656198486331222e-05
1.200000000000000000e+04 2.133731123403196080e-05
1.206000000000000000e+04 2.133804641726747841e-05
1.212000000000000000e+04 2.133876769722254242e-05
1.218000000000000000e+04 2.133947522847094854e-05
1.224000000000000000e+04 2.134016915750767859e-05
1.230000000000000000e+04 2.134084967426297098e-05
1.236000000000000000e+04 2.134152318536293357e-05
1.242000000000000000e+04 2.134218464801243591e-05
1.248000000000000000e+04 2.134283426899949150e-05
1.254000000000000000e+04 2.134347224998634477e-05
1.260000000000000000e+04 2.134409878750947111e-05
1.266000000000000000e+04 2.134471407297961073e-05
1.272000000000000000e+04 2.134531829268171782e-05
1.278000000000000000e+04 2.134591162777500125e-05
1.284000000000000000e+04 2.134649425429290760e-05
1.290000000000000000e+04 2.134706634314312456e-05
1.296000000000000000e+04 2.134762806010757414e-05
1.302000000000000000e+04 2.134817956584242286e-05
1.308000000000000000e+04 2.134872101587808850e-05
1.314000000000000000e+04 2.134925256061920962e-05
1.320000000000000000e+04 2.134977434534467266e-05
1.326000000000000000e+04 2.135028651020760856e-05
1.332000000000000000e+04 2.135078919023538597e-05
1.338000000000000000e+04 2.135128251532961125e-05
1.344000000000000000e+04 2.135176661026614206e-05
1.350000000000000000e+04 2.135224213747901085e-05
1.356000000000000000e+04 2.135271349839126757e-05
1.362000000000000000e+04 2.135317664305620746e-05
1.368000000000000000e+04 2.135363171266069400e-05
1.374000000000000000e+04 2.135407884408484829e-05
1.380000000000000000e+04 2.135451816990205918e-05
1.386000000000000000e+04 2.135494981837898326e-05
1.392000000000000000e+04 2.135537391347551439e-05
1.398000000000000000e+04 2.135579057484482776e-05
1.404000000000000000e+04 2.135619991783333917e-05
1.410000000000000000e+04 2.135660205348073560e-05
1.416000000000000000e+04 2.135699708851997178e-05
1.422000000000000000e+04 2.135738512537723968e-05
1.428000000000000000e+04 2.135776626217200921e-05
1.434000000000000000e+04 2.135814059271700109e-05
1.440000000000000000e+04 2.135850820651820380e-05
1.446000000000000000e+04 2.135886918877484648e-05
1.452000000000000000e+04 2.135922362037944632e-05
1.458000000000000000e+04 2.135957157791776797e-05
1.464000000000000000e+04 2.135991313366881672e-05
1.470000000000000000e+04 2.136024835560487918e-05
1.476000000000000000e+04 2.136057730739150291e-05
1.482000000000000000e+04 2.136090004838748292e-05
1.488000000000000000e+04 2.136121663364488538e-05
1.494000000000000000e+04 2.136152711390902045e-05
1.500000000000000000e+04 2.136183153561847965e-05
1.506000000000000000e+04 2.136212994090508496e-05
1.512000000000000000e+04 2.136242236759394982e-05
1.518000000000000000e+04 2.136270884920342836e-05
1.524000000000000000e+04 2.136299041017541799e-05
1.530000000000000000e+04 2.136327311154969099e-05
1.536000000000000000e+04 2.136355094240121328e-05
1.542000000000000000e+04 2.136382397403654889e-05
1.548000000000000000e+04 2.136409227467549085e-05
1.554000000000000000e+04 2.136435590945105097e-05
1.560000000000000000e+04 2.136461494040946331e-05
1.566000000000000000e+04 2.136486942651018070e-05
1.572000000000000000e+04 2.136511942362587482e-05
1.578000000000000000e+04 2.136536498454243615e-05
1.584000000000000000e+04 2.136560615895898756e-05
1.590000000000000000e+04 2.136584299348786393e-05
1.596000000000000000e+04 2.136607553165461898e-05
1.602000000000000000e+04 2.136630381389803540e-05
1.608000000000000000e+04 2.136652787757011132e-05
1.614000000000000000e+04 2.136674775693606367e-05
1.620000000000000000e+04 2.136696348317433498e-05
1.626000000000000000e+04 2.136717508437659338e-05
1.632000000000000000e+04 2.136738258554771565e-05
1.638000000000000000e+04 2.136758600860580416e-05
1.644000000000000000e+04 2.136778537238218686e-05
1.650000000000000000e+04 2.136798069262140715e-05
1.656000000000000000e+04 2.136817198198123741e-05
1.662000000000000000e+04 2.136835925003265866e-05
1.668000000000000000e+04 2.136854250325987751e-05
1.674000000000000000e+04 2.136872174506033973e-05
1.680000000000000000e+04 2.136889697574467602e-05
1.686000000000000000e+04 2.136906819253676300e-05
1.692000000000000000e+04 2.136923538957369271e-05
1.698000000000000000e+04 2.136939984496781961e-05
1.704000000000000000e+04 2.136956773483988863e-05
1.710000000000000000e+04 2.136973265852782204e-05
1.716000000000000000e+04 2.136989465773214621e-05
1.722000000000000000e+04 2.137005377239439144e-05
1.728000000000000000e+04 2.137021004069711571e-05
1.734000000000000000e+04 2.137036349906386737e-05
1.740000000000000000e+04 2.137051418215920893e-05
1.746000000000000000e+04 2.137066212288870340e-05
1.752000000000000000e+04 2.137080735239893473e-05
1.758000000000000000e+04 2.137094990007748063e-05
1.764000000000000000e+04 2.137108979355292613e-05
1.770000000000000000e+04 2.137122705869487718e-05
1.776000000000000000e+04 2.137136171961393689e-05
1.782000000000000000e+04 2.137149379866171909e-05
1.788000000000000000e+04 2.137162331643084156e-05
1.794000000000000000e+04 2.137175029175493281e-05
1.800000000000000000e+04 2.137187474170862867e-05
1.806000000000000000e+04 2.137199668160756893e-05
1.812000000000000000e+04 2.137211612500840072e-05
1.818000000000000000e+04 2.137223308370879204e-05
1.824000000000000000e+04 2.137234756774739793e-05
1.830000000000000000e+04 2.137245958540389429e-05
1.836000000000000000e+04 2.137256914319896097e-05
1.842000000000000000e+04 2.137267624589428856e-05
1.848000000000000000e+04 2.137278089649255803e-05
1.854000000000000000e+04 2.137288309623748480e-05
1.860000000000000000e+04 2.137298284461377129e-05
1.866000000000000000e+04 2.137308013934713743e-05
1.872000000000000000e+04 2.137317589577350551e-05
1.878000000000000000e+04 2.137327368645809960e-05
1.884000000000000000e+04 2.137336967868459290e-05
1.890000000000000000e+04 2.137346390009063372e-05
1.896000000000000000e+04 2.137355637737329447e-05
1.902000000000000000e+04 2.137364713628906493e-05
1.908000000000000000e+04 2.137373620165387592e-05
1.914000000000000000e+04 2.137382359734307224e-05
1.920000000000000000e+04 2.137390934629143974e-05
1.926000000000000000e+04 2.137399347049318162e-05
1.932000000000000000e+04 2.137407599100192858e-05
1.938000000000000000e+04 2.137415692793074901e-05
1.944000000000000000e+04 2.137423630045211508e-05
1.950000000000000000e+04 2.137431412679795698e-05
1.956000000000000000e+04 2.137439042425960529e-05
1.962000000000000000e+04 2.137446520918783504e-05
1.968000000000000000e+04 2.137453849699284540e-05
1.974000000000000000e+04 2.137461030214424948e-05
1.980000000000000000e+04 2.137468063817111162e-05
1.986000000000000000e+04 2.137474951766189319e-05
1.992000000000000000e+04 2.137481695226451015e-05
1.998000000000000000e+04 2.137488295268629245e-05
2.004000000000000000e+04 2.137494752869399753e-05
2.010000000000000000e+04 2.137501068911381373e-05
2.016000000000000000e+04 2.137507244183135352e-05
2.022000000000000000e+04 2.137513279379165687e-05
2.028000000000000000e+04 2.137519175099919465e-05
2.034000000000000000e+04 2.137524931851785508e-05
2.040000000000000000e+04 2.137530550047097422e-05
2.046000000000000000e+04 2.137536081241794901e-05
2.052000000000000000e+04 2.137541689380976150e-05
2.058000000000000000e+04 2.137547192631602012e-05
2.064000000000000000e+04 2.137552592840966301e-05
2.070000000000000000e+04 2.137557891802402432e-05
2.076000000000000000e+04 2.137563091255281718e-05
2.082000000000000000e+04 2.137568192885018459e-05
2.088000000000000000e+04 2.137573198323064182e-05
2.094000000000000000e+04 2.137578109146911701e-05
2.100000000000000000e+04 2.137582926880091734e-05
2.106000000000000000e+04 2.137587652992177308e-05
2.112000000000000000e+04 2.137592288898777996e-05
2.118000000000000000e+04 2.137596835961546015e-05
2.124000000000000000e+04 2.137601295488172166e-05
2.130000000000000000e+04 2.137605668732386167e-05
2.136000000000000000e+04 2.137609956893959365e-05
2.142000000000000000e+04 2.137614161118700672e-05
2.148000000000000000e+04 2.137618282498460629e-05
2.154000000000000000e+04 2.137622322071127681e-05
2.160000000000000000e+04 2.137626280820632238e-05
2.166000000000000000e+04 2.137630159676942617e-05
2.172000000000000000e+04 2.137633959516067406e-05
2.178000000000000000e+04 2.137637681160055130e-05
2.184000000000000000e+04 2.137641325376993910e-05
2.190000000000000000e+04 2.137644892881011802e-05
2.196000000000000000e+04 2.137648384332276123e-05
2.202000000000000000e+04 2.137651800336993783e-05
2.208000000000000000e+04 2.137655141447412983e-05
2.214000000000000000e+04 2.137658408161819830e-05
2.220000000000000000e+04 2.137661656945451607e-05
2.226000000000000000e+04 2.137665029216582907e-05
2.232000000000000000e+04 2.137668347879187694e-05
2.238000000000000000e+04 2.137671613891442852e-05
2.244000000000000000e+04 2.137674828166988273e-05
2.250000000000000000e+04 2.137677991574929226e-05
2.256000000000000000e+04 2.137681104939835345e-05
2.262000000000000000e+04 2.137684169041740627e-05
2.268000000000000000e+04 2.137687184616143769e-05
2.274000000000000000e+04 2.137690152354006478e-05
2.280000000000000000e+04 2.137693072901757194e-05
2.286000000000000000e+04 2.137695946861287703e-05
2.292000000000000000e+04 2.137698774789953816e-05
2.298000000000000000e+04 2.137701557200576046e-05
2.304000000000000000e+04 2.137704294561441640e-05
2.310000000000000000e+04 2.137706987296297804e-05
2.316000000000000000e+04 2.137709635784359831e-05
2.322000000000000000e+04 2.137712240360306704e-05
2.328000000000000000e+04 2.137714801314281087e-05
2.334000000000000000e+04 2.137717318891890688e-05
2.340000000000000000e+04 2.137719793294207913e-05
2.346000000000000000e+04 2.137722224677769195e-05
2.352000000000000000e+04 2.137724613154574991e-05
2.358000000000000000e+04 2.137726958792091474e-05
2.364000000000000000e+04 2.137729261613248503e-05
2.370000000000000000e+04 2.137731521596440641e-05
2.376000000000000000e+04 2.137733738675526811e-05
2.382000000000000000e+04 2.137735912739829622e-05
2.388000000000000000e+04 2.137738043634137403e-05
2.394000000000000000e+04 2.137740131158703181e-05
2.400000000000000000e+04 2.137742175069243334e-05
2.406000000000000000e+04 2.137744175076938599e-05
2.412000000000000000e+04 2.137746130848435771e-05
2.418000000000000000e+04 2.137748042005844316e-05
2.424000000000000000e+04 2.137749908126738738e-05
2.430000000000000000e+04 2.137751728744158921e-05
2.436000000000000000e+04 2.137753503346608095e-05
2.442000000000000000e+04 2.137755231378054871e-05
2.448000000000000000e+04 2.137756912237931205e-05
2.454000000000000000e+04 2.137758545281134772e-05
2.460000000000000000e+04 2.137760129818025914e-05
2.466000000000000000e+04 2.137761665114432387e-05
2.472000000000000000e+04 2.137763150391643261e-05
2.478000000000000000e+04 2.137764584826414000e-05
2.484000000000000000e+04 2.137765967550964432e-05
2.490000000000000000e+04 2.137767297652978069e-05
2.496000000000000000e+04 2.137768574175603128e-05
2.502000000000000000e+04 2.137770052306716865e-05
2.508000000000000000e+04 2.137771681109994015e-05
2.514000000000000000e+04 2.137773288518333951e-05
2.520000000000000000e+04 2.137774874604779035e-05
2.526000000000000000e+04 2.137776439414601823e-05
2.532000000000000000e+04 2.137777982965304726e-05
2.538000000000000000e+04 2.137779505246619673e-05
2.544000000000000000e+04 2.137781006220511494e-05
2.550000000000000000e+04 2.137782485821171152e-05
2.556000000000000000e+04 2.137783943955023528e-05
2.562000000000000000e+04 2.137785380500720989e-05
2.568000000000000000e+04 2.137786795309147450e-05
2.574000000000000000e+04 2.137788188203416681e-05
2.580000000000000000e+04 2.137789558978872987e-05
2.586000000000000000e+04 2.137790907403090189e-05
2.592000000000000000e+04 2.137792233215872638e-05
2.598000000000000000e+04 2.137793536129255223e-05
2.604000000000000000e+04 2.137794815827502346e-05
2.610000000000000000e+04 2.137796071967108943e-05
2.616000000000000000e+04 2.137797304176800484e-05
2.622000000000000000e+04 2.137798512057531277e-05
2.628000000000000000e+04 2.137799695182487857e-05
2.634000000000000000e+04 2.137800853097085598e-05
2.640000000000000000e+04 2.137801985318970408e-05
2.646000000000000000e+04 2.137803091338017034e-05
2.652000000000000000e+04 2.137804170616333803e-05
2.658000000000000000e+04 2.137805222588255852e-05
2.664000000000000000e+04 2.137806246660349524e-05
2.670000000000000000e+04 2.137807242211412376e-05
2.676000000000000000e+04 2.137808208592470804e-05
2.682000000000000000e+04 2.137809145126782413e-05
2.688000000000000000e+04 2.137810051109833309e-05
2.694000000000000000e+04 2.137810925809342503e-05
2.700000000000000000e+04 2.137811768465257506e-05
2.706000000000000000e+04 2.137812578289754667e-05
2.712000000000000000e+04 2.137813354467243580e-05
2.718000000000000000e+04 2.137814096154361999e-05
2.724000000000000000e+04 2.137814802479978213e-05
2.730000000000000000e+04 2.137815472545190703e-05
2.736000000000000000e+04 2.137816105423328823e-05
2.742000000000000000e+04 2.137816700159951105e-05
2.748000000000000000e+04 2.137817255772846614e-05
2.754000000000000000e+04 2.137817771252034608e-05
2.760000000000000000e+04 2.137818245559765557e-05
2.766000000000000000e+04 2.137818677630518431e-05
2.772000000000000000e+04 2.137819066371002055e-05
2.778000000000000000e+04 2.137819410660158498e-05
2.784000000000000000e+04 2.137819818805822370e-05
2.790000000000000000e+04 2.137820210687620852e-05
2.796000000000000000e+04 2.137820581690115122e-05
2.802000000000000000e+04 2.137820932981292801e-05
2.808000000000000000e+04 2.137821265787515974e-05
2.814000000000000000e+04 2.137821581393518135e-05
2.820000000000000000e+04 2.137821881142404194e-05
2.826000000000000000e+04 2.137822166435651147e-05
2.832000000000000000e+04 2.137822438733107404e-05
2.838000000000000000e+04 2.137822699552993804e-05
2.844000000000000000e+04 2.137822950471902935e-05
2.850000000000000000e+04 2.137823193124798799e-05
2.856000000000000000e+04 2.137823429205016809e-05
2.862000000000000000e+04 2.137823660464265485e-05
2.868000000000000000e+04 2.137823888712623742e-05
2.874000000000000000e+04 2.137824115818543600e-05
2.880000000000000000e+04 2.137824343708848493e-05
