% Model:              Single sender-receiver.mph
% Version:            COMSOL 6.4.0.293
% Date:               Jul 30 2026, 11:27
% Table:              Table 1 - Point Evaluation 1
% Time (min)             Molar concentration, rS6 (mol/m^3), Point: 10 Molar concentration, rTh (mol/m^3), Point: 10 Molar concentration, rGRep6 (mol/m^3), Point: 10
0                        4.45517780338637E-56                          -9.779463985915082E-56                        -1.9558927971830164E-58
1                        4.642335657103727E-25                         -3.825403154130106E-22                        -7.65080630826019E-25
2                        5.603779246171341E-19                         -9.841269134113501E-16                        -1.968253811408158E-18
3                        4.280830323809006E-17                         -8.738613552096874E-14                        -1.7477134278624546E-16
4                        5.123944502023285E-16                         -1.2336455206683905E-12                       -2.463765057384907E-15
5                        3.743645079323509E-15                         -1.1207969610159087E-11                       -2.3983703410064052E-14
6                        1.3737914587940668E-14                        -4.641943067877295E-11                        -1.0253443842868615E-13
7                        3.555191435738018E-14                         -1.3015621906422627E-10                       -2.9821727219030874E-13
8                        7.612069805760147E-14                         -2.9405434888395223E-10                       -7.104040328385099E-13
9                        1.4280354702313617E-13                        -5.713924320060589E-10                        -1.477699462025464E-12
10                       2.4290662246587034E-13                        -1.0241186066444099E-9                        -2.8118198523654215E-12
11                       3.8193286223801953E-13                        -1.6867656160733853E-9                        -5.00295940622842E-12
12                       5.640302582905354E-13                         -2.577236373188065E-9                         -7.943949985954274E-12
13                       7.92415084460586E-13                          -3.708939931048544E-9                         -1.1388717528511014E-11
14                       1.0690203800780503E-12                        -5.048534871386632E-9                         -1.5234239385509356E-11
15                       1.3945163798418623E-12                        -6.443855352222216E-9                         -1.9656033383227014E-11
16                       1.7677508302576045E-12                        -7.676994332328476E-9                         -2.4218349994195243E-11
17                       2.1888632828440793E-12                        -8.785561976793332E-9                         -2.898339191590256E-11
18                       2.657581379178099E-12                         -9.729267194792842E-9                         -3.493336593675435E-11
19                       3.1739688675472265E-12                        -1.0517540530145027E-8                        -4.1838376465268874E-11
20                       3.738135412410973E-12                         -1.0934994707544372E-8                        -5.0237822766985996E-11
21                       4.350147082314653E-12                         -1.0818249040602349E-8                        -6.059237011738289E-11
22                       5.010420417723385E-12                         -1.012686491192752E-8                         -7.212796619485445E-11
23                       5.721115770727104E-12                         -8.145551904483934E-9                         -8.270919947001484E-11
24                       6.4812422541581275E-12                        -5.202391768792577E-9                         -9.331551764125029E-11
25                       7.295516340392554E-12                         -1.4566677777016527E-9                        -9.737408837174145E-11
26                       8.162971092943369E-12                         3.124275154201522E-9                          -9.623242541810605E-11
27                       9.08317438720608E-12                          8.555030607837886E-9                          -9.049273363758974E-11
28                       1.0056126223180685E-11                        1.4835598583207442E-8                         -8.015501303019249E-11
29                       1.109053108107859E-11                         2.1482212052548145E-8                         -6.615426073964412E-11
30                       1.2221767781857601E-11                        2.6528629879708523E-8                         -5.229071477449696E-11
31                       1.3423093677264055E-11                        3.146112248474293E-8                          -3.569179697664534E-11
32                       1.469450876729795E-11                         3.6279689867651365E-8                         -1.6357507346089274E-11
33                       1.6036013051959282E-11                        4.098433202843383E-8                          5.712154117171259E-12
34                       1.7489751272849303E-11                        4.6118236471188956E-8                         3.2499396953444374E-11
35                       1.9074591911355238E-11                        5.192459185769184E-8                          6.489166957019164E-11
36                       2.0760159161258336E-11                        5.801189600432338E-8                          1.0146029520742571E-10
37                       2.25464530225586E-11                          6.438014891108359E-8                          1.4220527386514665E-10
38                       2.4433473495256024E-11                        7.102935057797243E-8                          1.871266055433544E-10
39                       2.653876975746965E-11                         7.601189432631863E-8                          2.2624158522527095E-10
40                       2.8811544953041236E-11                        8.016940489474065E-8                          2.638640672391138E-10
41                       3.123499360320057E-11                         8.378032287478415E-8                          3.0142123414722306E-10
42                       3.3809115707947656E-11                        8.684464826644908E-8                          3.3891308594959875E-10
43                       3.656766956987901E-11                         8.94987385170063E-8                           3.7480266029259823E-10
44                       3.9683705340570006E-11                        9.244158247079091E-8                          4.01211256299506E-10
45                       4.3030261535510125E-11                        9.516035387180037E-8                          4.239192304173746E-10
46                       4.660733815469936E-11                         9.765505272003461E-8                          4.4292658264620414E-10
47                       5.041493519813771E-11                         9.992567901549367E-8                          4.5823331298599456E-10
48                       5.459528402039647E-11                         1.0339420238116771E-7                         4.717374254105651E-10
49                       5.923276738116701E-11                         1.0890424637212258E-7                         4.845649642699736E-10
50                       6.42113448922432E-11                          1.152956876979174E-7                          4.951674305106704E-10
51                       6.953101655362509E-11                         1.225685263585522E-7                          5.035448241326554E-10
52                       7.519178236531263E-11                         1.3072276235402685E-7                         5.096971451359288E-10
53                       8.160410801839188E-11                         1.516594592961175E-7                          5.27815953326006E-10
54                       8.861329620457947E-11                         1.8089331537657834E-7                         5.52552699116569E-10
55                       9.614567751470364E-11                         2.1628835591144748E-7                         5.813603149967347E-10
56                       1.0420125194876442E-10                        2.578445809007252E-7                          6.142388009665029E-10
57                       1.127800195067618E-10                         3.0556199034441123E-7                         6.511881570258738E-10
58                       1.218819801886958E-10                         3.594405842425057E-7                          6.922083831748475E-10
59                       1.3150713399456639E-10                        4.1948036259500865E-7                         7.372994794134237E-10
60                       1.4165548092437357E-10                        4.8568132540192E-7                            7.864614457416024E-10
61                       1.5232702097811736E-10                        5.580434726632397E-7                          8.396942821593839E-10
62                       1.6467155335462817E-10                        6.208894530995159E-7                          8.746796345507424E-10
63                       1.792259399715533E-10                         6.668992295424522E-7                          8.809966621274354E-10
64                       1.9480617268465345E-10                        7.122165874581135E-7                          8.816277369995424E-10
65                       2.1141225149392855E-10                        7.568415268465001E-7                          8.765728591670636E-10
66                       2.2904417639937857E-10                        8.007740477076119E-7                          8.658320286299988E-10
67                       2.4770194740100367E-10                        8.440141500414487E-7                          8.49405245388348E-10
68                       2.673855644988036E-10                         8.865618338480107E-7                          8.272925094421114E-10
69                       2.8809502769277857E-10                        9.284170991272978E-7                          7.994938207912889E-10
70                       3.099968264749125E-10                         9.729675364908107E-7                          7.739455974615914E-10
71                       3.3673128596945136E-10                        1.0942834735414806E-6                         9.241791632093257E-10
72                       3.653269371679995E-10                         1.2319039142413707E-6                         1.1085470187236787E-9
73                       3.9578378007055674E-10                        1.3858288585904817E-6                         1.3270491640046492E-9
74                       4.2810181467712315E-10                        1.5560583065888132E-6                         1.579685599052238E-9
75                       4.622810409876987E-10                         1.7425922582363653E-6                         1.8664563238664448E-9
76                       4.983214590022834E-10                         1.9454307135331386E-6                         2.18736133844727E-9
77                       5.362230687208773E-10                         2.1645736724791316E-6                         2.542400642794713E-9
78                       5.759858701434804E-10                         2.4000211350743458E-6                         2.9315742369087743E-9
79                       6.226639209989722E-10                         2.616141248160396E-6                          3.222325895485618E-9
80                       6.756409626260955E-10                         2.817278726282203E-6                          3.43081865550054E-9
81                       7.322574665257861E-10                         3.0221836380050036E-6                         3.626805788054768E-9
82                       7.925134326980447E-10                         3.2308559833287974E-6                         3.810287293148302E-9
83                       8.56408861142871E-10                          3.443295762253585E-6                          3.981263170781142E-9
84                       9.239437518602651E-10                         3.6595029747793655E-6                         4.139733420953288E-9
85                       9.951181048502264E-10                         3.879477620906139E-6                          4.285698043664739E-9
86                       1.0699319201127556E-9                         4.1032197006339074E-6                         4.419157038915495E-9
87                       1.1507975732107341E-9                         4.353922322433108E-6                          4.6084470904234075E-9
88                       1.2460190252563177E-9                         4.71142159216217E-6                           5.088799052313316E-9
89                       1.3475489735303464E-9                         5.098348974120552E-6                          5.63225257331884E-9
90                       1.455387418032819E-9                          5.51470446830825E-6                           6.238807653439977E-9
91                       1.5695343587637368E-9                         5.960488074725269E-6                          6.908464292676731E-9
92                       1.6899897957230988E-9                         6.435699793371606E-6                          7.641222491029097E-9
93                       1.8167537289109055E-9                         6.94033962424726E-6                           8.437082248497081E-9
94                       1.9498261583271566E-9                         7.474407567352233E-6                          9.296043565080678E-9
95                       2.089207083971852E-9                          8.037903622686525E-6                          1.0218106440779888E-8
96                       2.261264673762378E-9                          8.613467964067787E-6                          1.16211876253608E-8
97                       2.453093886621079E-9                          9.209596793078412E-6                          1.3300751375586733E-8
98                       2.6584735031910652E-9                         9.830385930369111E-6                          1.5158195779434115E-8
99                       2.877403523472335E-9                          1.0475835375939891E-5                         1.7193520836902934E-8
100                      3.10988394746489E-9                           1.1145945129790751E-5                         1.9406726547993198E-8
101                      3.35591477516873E-9                           1.184071519192169E-5                          2.1797812912704908E-8
102                      3.615496006583854E-9                          1.2560145562332709E-5                         2.4366779931038057E-8
103                      3.888627641710264E-9                          1.3304236241023807E-5                         2.711362760299265E-8
104                      4.177122852583311E-9                          1.4192670634793508E-5                         3.0094338681378105E-8
105                      4.482991203995642E-9                          1.535809559450659E-5                          3.3370959660872005E-8
106                      4.803519101464942E-9                          1.6621392853401616E-5                         3.6859706716130496E-8
107                      5.138706544991211E-9                          1.7982562411478586E-5                         4.056057984715357E-8
108                      5.4885535345744484E-9                         1.9441604268737494E-5                         4.447357905394125E-8
109                      5.8530600702146535E-9                         2.099851842517834E-5                          4.8598704336493515E-8
110                      6.232226151911827E-9                          2.265330488080114E-5                          5.293595569481038E-8
111                      6.626051779665969E-9                          2.4405963635605872E-5                         5.748533312889184E-8
112                      7.034536953477079E-9                          2.625649468959255E-5                          6.22468366387379E-8
113                      7.495515460316822E-9                          2.79931284330308E-5                           6.758042966672293E-8
114                      7.981286014623E-9                             2.9770919141532265E-5                         7.322255281508875E-8
115                      8.490186934727044E-9                          3.159916785806978E-5                          7.915739628255913E-8
116                      9.022218220628956E-9                          3.3477874582643325E-5                         8.538496006913407E-8
117                      9.577379872328735E-9                          3.5407039315252925E-5                         9.19052441748136E-8
118                      1.015567188982638E-8                          3.738666205589857E-5                          9.871824859959767E-8
119                      1.0757094273121893E-8                         3.9416742804580266E-5                         1.0582397334348633E-7
120                      1.1381647022215273E-8                         4.1497281561298005E-5                         1.132224184064795E-7
121                      1.205493614768086E-8                          4.401498599700816E-5                          1.2119392472905744E-7
122                      1.2781882070921455E-8                         4.704416541089933E-5                          1.297923623023931E-7
123                      1.354266301247822E-8                          5.028546687774806E-5                          1.388007173796811E-7
124                      1.4337278972351165E-8                         5.3738890397554345E-5                         1.4821898996092145E-7
125                      1.5165729950540275E-8                         5.74044359703182E-5                           1.5804718004611412E-7
126                      1.6028015947045566E-8                         6.12821035960396E-5                           1.6828528763525913E-7
127                      1.692413696186703E-8                          6.537189327471857E-5                          1.789333127283565E-7
128                      1.7854092995004665E-8                         6.967380500635508E-5                          1.8999125532540618E-7
129                      1.8823998522255756E-8                         7.426045009413054E-5                          2.0152703055139775E-7
130                      1.988145339803034E-8                          7.969709162429297E-5                          2.140693427742803E-7
131                      2.0985143165035603E-8                         8.549310755764816E-5                          2.2715930122010316E-7
132                      2.213506782327154E-8                          9.164849789419616E-5                          2.407969058888664E-7
133                      2.3331227372738147E-8                         9.81632626339369E-5                           2.5498215678057004E-7
134                      2.457362181343543E-8                          1.0503740177687046E-4                         2.6971505389521394E-7
135                      2.586225114536339E-8                          1.1227091532299678E-4                         2.849955972327982E-7
136                      2.7197115368522028E-8                         1.1986380327231588E-4                         3.008237867933228E-7
137                      2.8578214482911335E-8                         1.2781606562482778E-4                         3.1719962257678773E-7
138                      3.0047889254391986E-8                         1.361719320085886E-4                          3.333683220878444E-7
139                      3.15935366626111E-8                           1.4491823717041377E-4                         3.4955455153074147E-7
140                      3.3198751616277464E-8                         1.54037844172147E-4                           3.6605075426330406E-7
141                      3.486353411539109E-8                          1.6353075301378834E-4                         3.8285693028553217E-7
142                      3.6587884159951974E-8                         1.733969636953377E-4                          3.999730795974257E-7
143                      3.837180174996011E-8                          1.836364762167952E-4                          4.1739920219898475E-7
144                      4.021528688541551E-8                          1.9424929057816075E-4                         4.3513529809020923E-7
145                      4.211833956631817E-8                          2.0523540677943442E-4                         4.5318136727109927E-7
146                      4.409707817700796E-8                          2.167323765998061E-4                          4.719592173295414E-7
147                      4.618577070553155E-8                          2.2903263770707692E-4                         4.923656191251253E-7
148                      4.8347365402751444E-8                         2.4181999625026967E-4                         5.134309525891711E-7
149                      5.058186226866768E-8                          2.5509445222938435E-4                         5.35155217721679E-7
150                      5.288926130328023E-8                          2.6885600564442095E-4                         5.575384145226488E-7
151                      5.526956250658911E-8                          2.8310465649537944E-4                         5.805805429920807E-7
152                      5.7722765878594316E-8                         2.978404047822599E-4                          6.042816031299746E-7
153                      6.024887141929585E-8                          3.130632505050623E-4                          6.286415949363305E-7
154                      6.28478791286937E-8                           3.2877319366378665E-4                         6.536605184111483E-7
155                      6.556933423464563E-8                          3.4559446616625074E-4                         6.827275170506992E-7
156                      6.838336666465674E-8                          3.6315072798645494E-4                         7.137993272288698E-7
157                      7.128273177948799E-8                          3.813507022210692E-4                          7.463803790790668E-7
158                      7.426742957913941E-8                          4.0019438887009355E-4                         7.804706726012904E-7
159                      7.733746006361094E-8                          4.19681787933528E-4                           8.160702077955403E-7
160                      8.049282323290263E-8                          4.3981289941137235E-4                         8.531789846618167E-7
161                      8.373351908701447E-8                          4.605877233036269E-4                          8.917970032001196E-7
162                      8.705954762594645E-8                          4.820062596102915E-4                          9.319242634104488E-7
163                      9.049184393153097E-8                          5.038938796769341E-4                          9.732004218298727E-7
164                      9.404380315881917E-8                          5.261388486691175E-4                          1.0153949153970062E-6
165                      9.769182662721416E-8                          5.489380134810637E-4                          1.0589139345607317E-6
166                      1.0143591433671598E-7                         5.722913741127726E-4                          1.1037574793210491E-6
167                      1.052760662873246E-7                          5.961989305642445E-4                          1.1499255496779588E-6
168                      1.0921228247904E-7                            6.206606828354792E-4                          1.1974181456314603E-6
169                      1.1324456291186222E-7                         6.456766309264767E-4                          1.246235267181554E-6
170                      1.1737290758579124E-7                         6.71246774837237E-4                           1.2963769143282396E-6
171                      1.2159862245303455E-7                         6.973723775492981E-4                          1.3479287421641297E-6
172                      1.259868393647412E-7                          7.241164278344404E-4                          1.4051626334656659E-6
173                      1.3048543961944218E-7                         7.514285218896953E-4                          1.4646602148992466E-6
174                      1.3509442321713748E-7                         7.793086597150624E-4                          1.5264214864648717E-6
175                      1.3981379015782714E-7                         8.077568413105418E-4                          1.5904464481625416E-6
176                      1.446435404415111E-7                          8.367730666761338E-4                          1.656735099992256E-6
177                      1.4958367406818944E-7                         8.663573358118381E-4                          1.7252874419540146E-6
178                      1.546341910378621E-7                          8.965096487176549E-4                          1.7961034740478183E-6
179                      1.5979509135052912E-7                         9.272300053935839E-4                          1.8691831962736658E-6
180                      1.6506637500619045E-7                         9.585184058396254E-4                          1.944526608631558E-6
181                      1.7044804200484613E-7                         9.903748500557793E-4                          2.0221337111214955E-6
182                      1.7594009234649615E-7                         0.0010227993380420453                         2.1020045037434767E-6
183                      1.815425260311405E-7                          0.0010557918697984242                         2.184138986497503E-6
184                      1.8725534305877918E-7                         0.0010893524453249154                         2.268537159383573E-6
185                      1.930785434294122E-7                          0.0011234810646215186                         2.355199022401688E-6
186                      1.9901212714303956E-7                         0.0011581777276882346                         2.4441245755518474E-6
187                      2.0505609419966129E-7                         0.0011934424345250627                         2.5353138188340514E-6
188                      2.1121880187582916E-7                         0.0012290659378126954                         2.6292034991687784E-6
189                      2.1753210651783296E-7                         0.0012642506266281593                         2.727458412623679E-6
190                      2.239611303097768E-7                          0.0012998697626655314                         2.828255862702936E-6
191                      2.3050587325166053E-7                         0.0013359233459248122                         2.93159584940655E-6
192                      2.3716633534348424E-7                         0.0013724113764060017                         3.03747837273452E-6
193                      2.439425165852478E-7                          0.0014093338541091                            3.145903432686847E-6
194                      2.5083441697695145E-7                         0.0014466907790341068                         3.2568710292635305E-6
195                      2.5784203651859493E-7                         0.0014844821511810222                         3.370381162464571E-6
196                      2.6496537521017844E-7                         0.0015227079705498465                         3.486433832289967E-6
197                      2.722044330517018E-7                          0.0015613682371405794                         3.605029038739721E-6
198                      2.795592100431652E-7                          0.0016004629509532209                         3.72616678181383E-6
199                      2.870297061845685E-7                          0.001639992111987771                          3.849847061512296E-6
200                      2.946159214759117E-7                          0.0016799557202442294                         3.976069877835119E-6
201                      3.0231785591719493E-7                         0.0017203537757225968                         4.104835230782299E-6
202                      3.1013550950841804E-7                         0.0017611862784228732                         4.236143120353834E-6
203                      3.180688822495811E-7                          0.0018024532283450578                         4.3699935465497275E-6
204                      3.2611797414068415E-7                         0.001844154625489151                          4.506386509369976E-6
205                      3.342421680422805E-7                          0.001884988603298035                          4.64265319113773E-6
206                      3.423962751836558E-7                          0.00192350676461346                           4.775824387430379E-6
207                      3.506524566032704E-7                          0.0019620220257062127                         4.910641561030578E-6
208                      3.590107123011244E-7                          0.0020005343865762935                         5.047104711938327E-6
209                      3.674710422772178E-7                          0.002039043847223702                          5.1852138401536265E-6
210                      3.760334465315506E-7                          0.002077550407648439                          5.324968945676475E-6
211                      3.846979250641228E-7                          0.0021160540678505043                         5.466370028506874E-6
212                      3.9346447787493434E-7                         0.002154554827829897                          5.6094170886448235E-6
213                      4.023331049639853E-7                          0.0021930526875866174                         5.754110126090322E-6
214                      4.113038063312756E-7                          0.002231547647120666                          5.900449140843371E-6
215                      4.203765819768054E-7                          0.002270039706432043                          6.048434132903969E-6
216                      4.295514319005745E-7                          0.0023085288655207477                         6.198065102272117E-6
217                      4.3882835610258303E-7                         0.0023470151243867804                         6.349342048947815E-6
218                      4.4820735458283093E-7                         0.002385498483030141                          6.502264972931064E-6
219                      4.576884273413183E-7                          0.0024239789414508294                         6.656833874221861E-6
220                      4.672715743780449E-7                          0.002462456499648846                          6.813048752820209E-6
221                      4.76956795693011E-7                           0.0025009311576241902                         6.9709096087261086E-6
222                      4.865670356583659E-7                          0.002537618574710427                          7.1349576988277426E-6
223                      4.96078204708573E-7                           0.002572275979796882                          7.305810890553313E-6
224                      5.056513319675038E-7                          0.002606526200791899                          7.479338986931054E-6
225                      5.152864174351585E-7                          0.0026403692376954775                         7.655541987960968E-6
226                      5.249834611115371E-7                          0.002673805090507619                          7.834419893643054E-6
227                      5.347424629966394E-7                          0.0027068337592283218                         8.01597270397731E-6
228                      5.445634230904657E-7                          0.002739455243857587                          8.20020041896374E-6
229                      5.544463413930158E-7                          0.002771669544395414                          8.38710303860234E-6
230                      5.643912179042897E-7                          0.002803476660841803                          8.57668056289311E-6
231                      5.743980526242874E-7                          0.002834876593196754                          8.768932991836054E-6
232                      5.844668455530089E-7                          0.002865869341460267                          8.963860325431171E-6
233                      5.945975966904544E-7                          0.002896454905632342                          9.161462563678457E-6
234                      6.047903060366236E-7                          0.0029266332857129785                         9.361739706577916E-6
235                      6.150449735915168E-7                          0.002956404481702178                          9.564691754129546E-6
236                      6.253615993551337E-7                          0.0029857684935999385                         9.770318706333349E-6
237                      6.357401833274745E-7                          0.0030147253214062616                         9.978620563189323E-6
238                      6.46180725508539E-7                           0.0030432749651211465                         1.0189597324697466E-5
239                      6.563399523086361E-7                          0.00307096125431868                           1.0391063425468981E-5
240                      6.663442396307421E-7                          0.0030979521277836024                         1.0587504971850326E-5
241                      6.763520736589298E-7                          0.0031244581951062247                         1.0784547924641403E-5
242                      6.863634543931997E-7                          0.0031504794562865483                         1.0982192283842207E-5
243                      6.963783818335514E-7                          0.0031760159113245726                         1.1180438049452746E-5
244                      7.063968559799851E-7                          0.0032010675602202974                         1.1379285221473016E-5
245                      7.164188768325006E-7                          0.0032256344029737228                         1.1578733799903016E-5
246                      7.264444443910981E-7                          0.0032497164395848487                         1.1778783784742746E-5
247                      7.364735586557775E-7                          0.0032733136700536752                         1.1979435175992208E-5
248                      7.465062196265388E-7                          0.0032964260943802027                         1.2180687973651403E-5
249                      7.56542427303382E-7                           0.003319053712564431                          1.2382542177720328E-5
250                      7.665821816863073E-7                          0.003341196524606359                          1.2584997788198985E-5
251                      7.766254827753145E-7                          0.0033628545305059883                         1.2788054805087369E-5
252                      7.866723305704033E-7                          0.0033840277302633185                         1.2991713228385487E-5
253                      7.967227250715744E-7                          0.0034047161238783485                         1.3195973058093334E-5
254                      8.067766662788274E-7                          0.00342491971135108                           1.3400834294210916E-5
255                      8.16834154192162E-7                           0.003444638492681512                          1.3606296936738227E-5
256                      8.264271092683518E-7                          0.0034642242525127443                         1.3803619751432719E-5
257                      8.358719941343123E-7                          0.0034834391537209926                         1.3998712575609259E-5
258                      8.452568834278713E-7                          0.0035022170039133538                         1.4193220174674096E-5
259                      8.54581777149029E-7                           0.003520557803089829                          1.4387142548627243E-5
260                      8.638466752977851E-7                          0.003538461551250418                          1.4580479697468694E-5
261                      8.730515778741399E-7                          0.00355592824839512                           1.4773231621198443E-5
262                      8.821964848780931E-7                          0.0035729578945239353                         1.4965398319816504E-5
263                      8.91281396309645E-7                           0.003589550489636864                          1.5156979793322864E-5
264                      9.003063121687955E-7                          0.0036057060337339065                         1.5347976041717532E-5
265                      9.092712324555444E-7                          0.0036214245268150628                         1.5538387065000503E-5
266                      9.181761571698919E-7                          0.003636705968880332                          1.5728212863171777E-5
267                      9.27021086311838E-7                           0.003651550359929715                          1.591745343623136E-5
268                      9.358060198813825E-7                          0.003665957699963211                          1.610610878417924E-5
269                      9.445309578785258E-7                          0.0036799279889808212                         1.629417890701543E-5
270                      9.531959003032675E-7                          0.003693461226982545                          1.648166380473992E-5
271                      9.618008471556078E-7                          0.003706557413968382                          1.666856347735272E-5
272                      9.703457984355466E-7                          0.0037192165499383323                         1.6854877924853822E-5
273                      9.78679728301316E-7                           0.003732879702653717                          1.7039281700449914E-5
274                      9.869361070874784E-7                          0.003746273316582724                          1.722294617868775E-5
275                      9.951154875189351E-7                          0.003759392117700544                          1.7405876210442113E-5
276                      1.003217869595686E-6                          0.0037722361060071766                         1.7588071795713E-5
277                      1.011243253317731E-6                          0.0037848052815026216                         1.7769532934500413E-5
278                      1.0191916386850702E-6                         0.003797099644186879                          1.795025962680435E-5
279                      1.0270630256977037E-6                         0.0038091191940599492                         1.8130251872624815E-5
280                      1.0348574143556314E-6                         0.003820863931121832                          1.8309509671961807E-5
281                      1.042574804658853E-6                          0.003832333855372527                          1.848803302481532E-5
282                      1.0502151966073692E-6                         0.003843528966812034                          1.8665821931185363E-5
283                      1.0577785902011793E-6                         0.0038544492654403553                         1.884287639107193E-5
284                      1.0652649854402838E-6                         0.003865094751257488                          1.9019196404475022E-5
285                      1.0726743823246825E-6                         0.0038754654242634332                         1.9194781971394642E-5
286                      1.0800067808543753E-6                         0.0038855612844581914                         1.9369633091830788E-5
287                      1.0872621810293625E-6                         0.0038953823318417617                         1.9543749765783454E-5
288                      1.0944405828496438E-6                         0.003904928566414145                          1.9717131993252653E-5
289                      1.1015419863152193E-6                         0.00391419998817534                           1.9889779774238373E-5
290                      1.108566391426089E-6                          0.003923196597125349                          2.006169310874062E-5
291                      1.1155137981822527E-6                         0.00393191839326417                           2.023287199675939E-5
292                      1.1223842065837109E-6                         0.003940365376591802                          2.040331643829469E-5
293                      1.129177616630463E-6                          0.003948537547108249                          2.0573026433346517E-5
294                      1.1358940283225096E-6                         0.003956434904813507                          2.0742001981914865E-5
295                      1.1425334416598502E-6                         0.003964057449707578                          2.0910243083999742E-5
296                      1.1490958566424852E-6                         0.003971405181790461                          2.1077749739601143E-5
297                      1.1555812732704141E-6                         0.0039784781010621575                         2.1244521948719073E-5
298                      1.1619896915436376E-6                         0.003985276207522667                          2.1410559711353525E-5
299                      1.168321111462155E-6                          0.003991799501171988                          2.1575863027504505E-5
300                      1.1745755330259669E-6                         0.003998047982010121                          2.174043189717201E-5
301                      1.1807529562350726E-6                         0.0040040216500370675                         2.190426632035604E-5
302                      1.1868533810894727E-6                         0.004009720505252826                          2.2067366297056598E-5
303                      1.1928768075891672E-6                         0.004015144547657398                          2.2229731827273678E-5
304                      1.1988232357341558E-6                         0.004020293777250782                          2.2391362911007286E-5
305                      1.2046926655244386E-6                         0.004025168194032978                          2.255225954825742E-5
306                      1.210336469792112E-6                          0.004030287629508787                          2.2710196454549142E-5
307                      1.2155708686662175E-6                         0.004036294863650538                          2.2862422030027484E-5
308                      1.2207010283325785E-6                         0.004042122561328131                          2.3013505301911128E-5
309                      1.2257269487911952E-6                         0.004047770722541566                          2.316344627020007E-5
310                      1.2306486300420674E-6                         0.004053239347290843                          2.3312244934894313E-5
311                      1.235466072085195E-6                          0.00405852843557596                           2.3459901295993852E-5
312                      1.2401792749205783E-6                         0.0040636379873969205                         2.3606415353498697E-5
313                      1.2447882385482171E-6                         0.004068568002753722                          2.3751787107408836E-5
314                      1.2492929629681114E-6                         0.0040733184816463645                         2.3896016557724277E-5
315                      1.2536934481802614E-6                         0.00407788942407485                           2.403910370444502E-5
316                      1.2579896941846667E-6                         0.004082280830039177                          2.4181048547571058E-5
317                      1.2621817009813278E-6                         0.004086492699539345                          2.43218510871024E-5
318                      1.2662694685702444E-6                         0.004090525032575353                          2.446151132303904E-5
319                      1.2702529969514165E-6                         0.0040943778291472055                         2.460002925538098E-5
320                      1.274132286124844E-6                          0.004098051089254899                          2.473740488412822E-5
321                      1.2779073360905273E-6                         0.004101544812898434                          2.487363820928076E-5
322                      1.281578146848466E-6                          0.00410485900007781                           2.50087292308386E-5
323                      1.2851447183986603E-6                         0.004107993650793029                          2.514267794880174E-5
324                      1.2886070507411102E-6                         0.004110948765044088                          2.5275484363170175E-5
325                      1.2919651438758155E-6                         0.004113724342830989                          2.5407148473943917E-5
326                      1.2952189978027766E-6                         0.004116320384153733                          2.5537670281122953E-5
327                      1.2983686125219932E-6                         0.0041187368890123165                         2.566704978470729E-5
328                      1.301413988033465E-6                          0.004120973857406743                          2.579528698469693E-5
329                      1.3043551243371926E-6                         0.004123031289337011                          2.592238188109187E-5
330                      1.307192021433176E-6                          0.004124909184803121                          2.6048334473892107E-5
331                      1.3099246793214147E-6                         0.004126607543805072                          2.6173144763097646E-5
332                      1.3125530980019088E-6                         0.004128126366342865                          2.6296812748708487E-5
333                      1.3150772774746586E-6                         0.0041294656524165                            2.641933843072462E-5
334                      1.317497217739664E-6                          0.004130625402025976                          2.6540721809146057E-5
335                      1.3198129187969247E-6                         0.004131605615171294                          2.6660962883972797E-5
336                      1.3220243806464413E-6                         0.004132406291852453                          2.678006165520483E-5
337                      1.3241316032882135E-6                         0.004133027432069454                          2.6898018122842164E-5
338                      1.3261345867222408E-6                         0.004133469035822297                          2.7014832286884803E-5
339                      1.328033330948524E-6                          0.004133731103110981                          2.713050414733274E-5
340                      1.3302576255606593E-6                         0.004135120987907694                          2.7240772655363495E-5
341                      1.3326452964480871E-6                         0.004137145381461395                          2.734724564842389E-5
342                      1.3349675086162072E-6                         0.004139108202844062                          2.745219185776943E-5
343                      1.3372242620650193E-6                         0.004141009452055695                          2.755561128340011E-5
344                      1.3394155567945236E-6                         0.004142849129096294                          2.7657503925315934E-5
345                      1.3415413928047203E-6                         0.004144627233965859                          2.77578697835169E-5
346                      1.343601770095609E-6                          0.004146343766664391                          2.785670885800302E-5
347                      1.3455966886671898E-6                         0.004147998727191889                          2.795402114877427E-5
348                      1.3475261485194629E-6                         0.004149592115548353                          2.8049806655830672E-5
349                      1.3493901496524277E-6                         0.004151123931733782                          2.814406537917221E-5
350                      1.3511886920660848E-6                         0.004152594175748178                          2.8236797318798897E-5
351                      1.3529217757604343E-6                         0.00415400284759154                           2.8328002474710728E-5
352                      1.354589400735476E-6                          0.004155349947263867                          2.8417680846907697E-5
353                      1.3561915669912097E-6                         0.004156635474765162                          2.8505832435389817E-5
354                      1.3577282745276357E-6                         0.004157859430095421                          2.859245724015708E-5
355                      1.3591995233447538E-6                         0.0041590218132546465                         2.8677555261209482E-5
356                      1.360605313442564E-6                          0.004160122624242839                          2.876112649854703E-5
357                      1.3619456448210661E-6                         0.004161161863059997                          2.8843170952169726E-5
358                      1.3632205174802606E-6                         0.0041621395297061214                         2.8923688622077557E-5
359                      1.3644299314201473E-6                         0.004163055624181212                          2.9002679508270538E-5
360                      1.365573886640726E-6                          0.004163910146485267                          2.908014361074866E-5
361                      1.3666523831419967E-6                         0.00416470309661829                           2.9156080929511922E-5
362                      1.3676654209239598E-6                         0.004165434474580279                          2.923049146456034E-5
363                      1.368612999986615E-6                          0.004166104280371233                          2.9303375215893892E-5
364                      1.3694951203299624E-6                         0.004166712513991154                          2.9374732183512584E-5
365                      1.3703117819540019E-6                         0.0041672591754400405                         2.944456236741643E-5
366                      1.371062984858734E-6                          0.004167744264717894                          2.951286576760541E-5
367                      1.3717487290441575E-6                         0.004168167781824713                          2.9579642384079536E-5
368                      1.3723690145102734E-6                         0.004168529726760498                          2.964489221683881E-5
369                      1.3729238412570817E-6                         0.004168830099525249                          2.9708615265883222E-5
370                      1.3734132092845821E-6                         0.004169068900118966                          2.977081153121278E-5
371                      1.3738371185927745E-6                         0.004169246128541649                          2.9831481012827486E-5
372                      1.374195569181659E-6                          0.004169361784793299                          2.989062371072733E-5
373                      1.3744885610512358E-6                         0.004169415868873914                          2.994823962491232E-5
374                      1.375406733242238E-6                          0.004170069279107459                          3.0009951125314294E-5
375                      1.3763207903654002E-6                         0.004170719819203954                          3.0070635229787464E-5
376                      1.377210462218082E-6                          0.004171348091848507                          3.013012692220748E-5
377                      1.3780757488002828E-6                         0.004171954097041116                          3.018842620257434E-5
378                      1.3789166501120033E-6                         0.004172537834781783                          3.024553307088804E-5
379                      1.3797331661532426E-6                         0.004173099305070507                          3.0301447527148586E-5
380                      1.3805252969240016E-6                         0.004173638507907288                          3.0356169571355962E-5
381                      1.3812930424242796E-6                         0.004174155443292126                          3.040969920351018E-5
382                      1.3820364026540775E-6                         0.004174650111225021                          3.0462036423611246E-5
383                      1.3827553776133943E-6                         0.004175122511705973                          3.0513181231659146E-5
384                      1.3834499673022305E-6                         0.004175572644734981                          3.056313362765389E-5
385                      1.3841201717205864E-6                         0.004176000510312047                          3.061189361159547E-5
386                      1.3847659908684611E-6                         0.00417640610843717                           3.06594611834839E-5
387                      1.3853874247458557E-6                         0.004176789439110349                          3.070583634331916E-5
388                      1.3859844733527692E-6                         0.004177150502331586                          3.075101909110127E-5
389                      1.3865571366892025E-6                         0.004177489298100879                          3.079500942683021E-5
390                      1.3871054147551546E-6                         0.0041778058264182304                         3.0837807350506E-5
391                      1.3876293075506262E-6                         0.004178100087283639                          3.087941286212863E-5
392                      1.388128815075617E-6                          0.004178372080697104                          3.091982596169809E-5
393                      1.3886039373301274E-6                         0.004178621806658626                          3.09590466492144E-5
394                      1.3890546743141574E-6                         0.004178849265168204                          3.099707492467755E-5
395                      1.3894810260277062E-6                         0.004179054456225841                          3.103391078808754E-5
396                      1.3898829924707747E-6                         0.004179237379831534                          3.1069554239444375E-5
397                      1.3902605736433623E-6                         0.004179398035985283                          3.110400527874804E-5
398                      1.3906137695454695E-6                         0.00417953642468709                           3.113726390599855E-5
399                      1.3909425801770957E-6                         0.004179652545936954                          3.11693301211959E-5
400                      1.3912470055382414E-6                         0.004179746399734875                          3.120020392434009E-5
401                      1.3915270456289064E-6                         0.004179817986080852                          3.122988531543112E-5
402                      1.3917827004490908E-6                         0.004179867304974888                          3.1258374294469E-5
403                      1.3920139699987947E-6                         0.004179894356416979                          3.128567086145371E-5
404                      1.3922208542780176E-6                         0.004179899140407129                          3.131177501638526E-5
405                      1.39240335328676E-6                           0.004179881656945335                          3.133668675926366E-5
406                      1.3925614670250217E-6                         0.004179841906031598                          3.1360406090088895E-5
407                      1.392779459178849E-6                          0.004179869270988627                          3.1385184595009436E-5
408                      1.3931848268528274E-6                         0.004180098995304787                          3.141442908813614E-5
409                      1.3935825972698363E-6                         0.00418032426017741                           3.144292975697572E-5
410                      1.3939727704298764E-6                         0.004180545065606494                          3.1470686601528205E-5
411                      1.3943553463329472E-6                         0.00418076141159204                           3.149769962179359E-5
412                      1.3947303249790488E-6                         0.004180973298134049                          3.152396881777186E-5
413                      1.3950977063681814E-6                         0.004181180725232518                          3.1549494189463026E-5
414                      1.395457490500345E-6                          0.004181383692887449                          3.1574275736867075E-5
415                      1.3958096773755391E-6                         0.004181582201098843                          3.159831345998403E-5
416                      1.3961542669937642E-6                         0.004181776249866698                          3.162160735881387E-5
417                      1.3964912593550201E-6                         0.004181965839191016                          3.164415743335661E-5
418                      1.3968206544593069E-6                         0.004182150969071795                          3.1665963683612235E-5
419                      1.3971424523066242E-6                         0.004182331639509035                          3.1687026109580755E-5
420                      1.397456652896973E-6                          0.004182507850502739                          3.1707344711262166E-5
421                      1.3977632562303522E-6                         0.004182679602052903                          3.172691948865647E-5
422                      1.3980622623067624E-6                         0.004182846894159529                          3.174575044176367E-5
423                      1.3983536711262033E-6                         0.004183009726822617                          3.176383757058376E-5
424                      1.398637482688675E-6                          0.004183168100042167                          3.178118087511675E-5
425                      1.3989136969941778E-6                         0.00418332201381818                           3.1797780355362625E-5
426                      1.399182314042711E-6                          0.004183471468150653                          3.181363601132139E-5
427                      1.3994433338342756E-6                         0.004183616463039588                          3.182874784299306E-5
428                      1.399696756368871E-6                          0.004183756998484986                          3.184311585037761E-5
429                      1.3999425816464968E-6                         0.004183893074486845                          3.185674003347505E-5
430                      1.4001808096671538E-6                         0.004184024691045166                          3.186962039228539E-5
431                      1.4004114404308414E-6                         0.004184151848159949                          3.188175692680862E-5
432                      1.40063447393756E-6                           0.004184274545831194                          3.189314963704475E-5
433                      1.4008499101873097E-6                         0.004184392784058901                          3.190379852299376E-5
434                      1.40105774918009E-6                           0.0041845065628430675                         3.1913703584655677E-5
435                      1.4012579909159009E-6                         0.004184615882183698                          3.192286482203049E-5
436                      1.4014506353947428E-6                         0.00418472074208079                           3.193128223511818E-5
437                      1.4016356826166155E-6                         0.004184821142534344                          3.1938955823918764E-5
438                      1.4018131325815193E-6                         0.004184917083544359                          3.1945885588432244E-5
439                      1.4019829852894535E-6                         0.004185008565110837                          3.195207152865862E-5
440                      1.4021452407404191E-6                         0.004185095587233775                          3.195751364459789E-5
441                      1.4023623344012961E-6                         0.004185231065985016                          3.1968149406764795E-5
442                      1.4026147962708568E-6                         0.004185398499910573                          3.1982127262444445E-5
443                      1.402865530209501E-6                          0.004185566448835718                          3.199591945335942E-5
444                      1.4031145362172281E-6                         0.0041857349127604505                         3.200952597950972E-5
445                      1.4033618142940388E-6                         0.0041859038916847715                         3.202294684089535E-5
446                      1.4036073644399324E-6                         0.004186073385608681                          3.20361820375163E-5
447                      1.403851186654909E-6                          0.004186243394532176                          3.2049231569372596E-5
448                      1.404093280938969E-6                          0.00418641391845526                           3.206209543646421E-5
449                      1.404333647292112E-6                          0.0041865849573779305                         3.207477363879116E-5
450                      1.404572285714338E-6                          0.0041867565113001895                         3.208726617635343E-5
451                      1.4048091962056477E-6                         0.004186928580222037                          3.209957304915103E-5
452                      1.4050443787660406E-6                         0.00418710116414347                           3.211169425718396E-5
453                      1.4052778333955164E-6                         0.0041872742630644924                         3.2123629800452225E-5
454                      1.4055095600940752E-6                         0.004187447876985102                          3.213537967895581E-5
455                      1.4057395588617172E-6                         0.004187622005905299                          3.214694389269473E-5
456                      1.4059678296984427E-6                         0.004187796649825083                          3.215832244166898E-5
457                      1.4061943726042512E-6                         0.0041879718087444555                         3.216951532587856E-5
458                      1.4064191875791425E-6                         0.004188147482663416                          3.218052254532346E-5
459                      1.4066422746231175E-6                         0.0041883236715819635                         3.219134410000369E-5
460                      1.4068636337361757E-6                         0.004188500375500099                          3.220197998991926E-5
461                      1.4070832649183168E-6                         0.004188677594417821                          3.2212430215070134E-5
462                      1.4073011681695411E-6                         0.0041888553283351325                         3.222269477545636E-5
463                      1.4075173434898487E-6                         0.004189033577252031                          3.22327736710779E-5
464                      1.4077317908792395E-6                         0.0041892123411685165                         3.2242666901934786E-5
465                      1.407944510337713E-6                          0.00418939162008459                           3.225237446802699E-5
466                      1.40815550186527E-6                           0.004189571414000252                          3.226189636935452E-5
467                      1.4083647654619105E-6                         0.004189751722915501                          3.2271232605917387E-5
468                      1.4085723011276338E-6                         0.004189932546830337                          3.228038317771557E-5
469                      1.4087781088624404E-6                         0.004190113885744762                          3.228934808474909E-5
470                      1.4089821886663299E-6                         0.004190295739658773                          3.229812732701794E-5
471                      1.4091845405393032E-6                         0.004190478108572373                          3.230672090452212E-5
472                      1.409385164481359E-6                          0.00419066099248556                           3.2315128817261625E-5
473                      1.4095840604924982E-6                         0.004190844391398334                          3.232335106523646E-5
474                      1.4097812285727204E-6                         0.004191028305310697                          3.233138764844662E-5
475                      1.4099766687220263E-6                         0.004191212734222647                          3.2339238566892115E-5
476                      1.410170380940415E-6                          0.004191397678134185                          3.2346903820572934E-5
477                      1.4103623652278868E-6                         0.0041915831370453105                         3.235438340948908E-5
478                      1.4105526215844418E-6                         0.004191769110956023                          3.236167733364056E-5
479                      1.4107411500100802E-6                         0.004191955599866324                          3.236878559302737E-5
480                      1.4109279505048016E-6                         0.004192142603776212                          3.237570818764951E-5
