% Model:              Single sender-receiver.mph
% Version:            COMSOL 6.4.0.293
% Date:               Jul 30 2026, 11:25
% Table:              Table 1 - Point Evaluation 1
% Time (min)             Molar concentration, rS6 (mol/m^3), Point: 10 Molar concentration, rTh (mol/m^3), Point: 10 Molar concentration, rGRep6 (mol/m^3), Point: 10
0                        -7.615774327354671E-54                        1.4341627029261297E-53                        2.8683254058522555E-56
1                        5.132559529378212E-22                         -5.448611565082392E-19                        -1.089722313016116E-21
2                        2.2828298075425686E-17                        -5.513239708005517E-14                        -1.1026035765433603E-16
3                        9.040686765538633E-16                         -2.801535459568381E-12                        -5.589735904930965E-15
4                        7.21564644971826E-15                          -2.7884027304017574E-11                       -5.5856548388046824E-14
5                        3.2868175682977537E-14                        -1.640930586916867E-10                        -3.484464946222285E-13
6                        9.281001800212921E-14                         -5.389076501702078E-10                        -1.2025788165183895E-12
7                        1.9990665253606416E-13                        -1.2789970006054117E-9                        -3.0433820858683942E-12
8                        3.675412664652193E-13                         -2.5231034803276403E-9                        -6.490759045950156E-12
9                        6.04871114781852E-13                          -4.4224329457368994E-9                        -1.2162317984338581E-11
10                       9.1723427878565E-13                           -7.092720671414196E-9                         -1.991164195808618E-11
11                       1.3063798950062964E-12                        -1.0581259895489228E-8                        -3.03958759092477E-11
12                       1.7724238825417896E-12                        -1.4867113133417299E-8                        -4.3815483537291846E-11
13                       2.3146694180718885E-12                        -1.9588395004185997E-8                        -5.988801361693507E-11
14                       2.9309069629606846E-12                        -2.3885723400171882E-8                        -7.813340493997329E-11
15                       3.6177521506327835E-12                        -2.6774728578955257E-8                        -9.851657806559466E-11
16                       4.3763351800068495E-12                        -2.8488336223903443E-8                        -1.210764312254446E-10
17                       5.21177214657658E-12                          -2.9134412585398165E-8                        -1.4595888375146734E-10
18                       6.121897773077469E-12                         -2.8667305595403013E-8                        -1.7310217842816518E-10
19                       7.115377183093226E-12                         -2.6403759474808873E-8                        -1.9801036198834297E-10
20                       8.192769916346658E-12                         -2.2299653820074357E-8                        -2.2039311376656767E-10
21                       9.361985754234232E-12                         -1.5607174546259162E-8                        -2.350381197214429E-10
22                       1.0638515470492265E-11                        -4.907991573464134E-9                         -2.321500630218237E-10
23                       1.2013850750886184E-11                        9.018876682992111E-9                          -2.171090257117184E-10
24                       1.3487991595415994E-11                        2.617343022310957E-8                          -1.8991500779112704E-10
25                       1.506093800408169E-11                         4.6555669046888244E-8                         -1.5056800926004962E-10
26                       1.683840124992477E-11                         6.335442034756168E-8                          -1.132602583234336E-10
27                       1.879569863536422E-11                         7.816003597431668E-8                          -7.467798846703108E-11
28                       2.090388176970937E-11                         9.283771427165282E-8                          -3.093474411210075E-11
29                       2.316295065296023E-11                         1.0738745523957006E-7                         1.796947474135739E-11
30                       2.559178573302657E-11                         1.209607284155212E-7                          7.137407688055216E-11
31                       2.84627273253628E-11                          1.2131793784568742E-7                         1.1975038903789434E-10
32                       3.159105827897961E-11                         1.167606942926083E-7                          1.6956131545053415E-10
33                       3.4976778593876996E-11                        1.0728899775628388E-7                         2.2080685611847153E-10
34                       3.8619888270054945E-11                        9.290284823671418E-8                          2.7348701104170646E-10
35                       4.269899131519902E-11                         7.879311986016163E-8                          3.227959734247442E-10
36                       4.7425650683349175E-11                        7.110859214413632E-8                          3.630410900322177E-10
37                       5.2585371931096766E-11                        6.361528595823967E-8                          3.999938934690632E-10
38                       5.817815505844182E-11                         5.631320130247172E-8                          4.336543837352806E-10
39                       6.42040000653843E-11                          4.920233817683244E-8                          4.640225608308699E-10
40                       7.11270723409223E-11                          4.607290835935846E-8                          4.975912992393904E-10
41                       7.886196519305694E-11                         4.6227510756366744E-8                         5.331659064129954E-10
42                       8.726645016229508E-11                         4.8504757648909216E-8                         5.687568511256003E-10
43                       9.634052724863669E-11                         5.290464903698587E-8                          6.043641333772052E-10
44                       1.0614423262841457E-10                        6.065075993167971E-8                          6.389718605883528E-10
45                       1.1794918133161472E-10                        9.765940395337426E-8                          6.510626019065291E-10
46                       1.3090531933018802E-10                        1.4660594568514295E-7                         6.550204109471192E-10
47                       1.4501264662413446E-10                        2.0749038512698578E-7                         6.50845287710123E-10
48                       1.6027116321345402E-10                        2.803127222789027E-7                          6.385372321955407E-10
49                       1.7744864760653297E-10                        3.5637288381373776E-7                         6.292662853892732E-10
50                       1.9758966816276653E-10                        4.2383435539473575E-7                         6.382293709608104E-10
51                       2.1968421540474446E-10                        4.941420477853692E-7                          6.507323458264466E-10
52                       2.437322893324667E-10                         5.672959609856378E-7                          6.667752099861819E-10
53                       2.6973388994593327E-10                        6.432960949955419E-7                          6.863579634400159E-10
54                       3.000573607022341E-10                         7.731035558396442E-7                          7.593550587688372E-10
55                       3.343913512423033E-10                         9.5001882592406E-7                            8.792098334781154E-10
56                       3.7192833211613184E-10                        1.156665796307885E-6                          1.0289166927325313E-9
57                       4.1266830332371976E-10                        1.3930444669911194E-6                         1.208475636532085E-9
58                       4.567856747429869E-10                         1.657906618364933E-6                          1.4179352614317052E-9
59                       5.108281009988302E-10                         1.9043918833897961E-6                         1.659119967869191E-9
60                       5.704782996343141E-10                         2.1633982632791593E-6                         1.930826813347455E-9
61                       6.357362706494386E-10                         2.434925758033022E-6                          2.2330557978664973E-9
62                       7.066020140442039E-10                         2.718974367651384E-6                          2.565806921426319E-9
63                       7.878945356588987E-10                         3.030732577484221E-6                          2.8996512856955586E-9
64                       8.871219248181422E-10                         3.3938642942568323E-6                         3.18873818936364E-9
65                       9.973255694268668E-10                         3.7864374470473566E-6                         3.4755627641361635E-9
66                       1.1185054694850724E-9                         4.208452035855792E-6                          3.7601250100131284E-9
67                       1.2506616249927595E-9                         4.659908060682139E-6                          4.042424926994534E-9
68                       1.4088351688937754E-9                         5.2446845148516335E-6                         4.470489124564794E-9
69                       1.5918891854747793E-9                         5.954929485862831E-6                          5.033128699670931E-9
70                       1.7941428661792026E-9                         6.751409448134076E-6                          5.67443623942736E-9
71                       2.0155962110070463E-9                         7.634124401665366E-6                          6.394411743834083E-9
72                       2.256268761244577E-9                          8.60169347339825E-6                           7.19752874950629E-9
73                       2.518785852022932E-9                          9.468598959837794E-6                          8.684798503838136E-9
74                       2.801438837066329E-9                          1.0355581306426133E-5                         1.0465064991209332E-8
75                       3.1042277163747684E-9                         1.126264051316327E-5                          1.253832821161988E-8
76                       3.4271524899482497E-9                         1.2189776580049203E-5                         1.490458816506978E-8
77                       3.785206313817534E-9                          1.3273124646758548E-5                         1.7414294519018023E-8
78                       4.205096342051218E-9                          1.4755180832319217E-5                         1.980105480986411E-8
79                       4.662995766792696E-9                          1.641960203932703E-5                          2.2302531277034782E-8
80                       5.15890458804197E-9                           1.8266388267781994E-5                         2.4918723920530023E-8
81                       5.692822805799037E-9                          2.0295539517684107E-5                         2.764963274034984E-8
82                       6.303855163239915E-9                          2.2443733371719474E-5                         3.111043480191418E-8
83                       6.991374415849933E-9                          2.4711985528642047E-5                         3.529126259533803E-8
84                       7.739082372048325E-9                          2.7126687694544676E-5                         3.993572078711481E-8
85                       8.546979031835093E-9                          2.968783986942736E-5                          4.504380937724452E-8
86                       9.415064395210236E-9                          3.23954420532901E-5                           5.061552836572716E-8
87                       1.0433421204924992E-8                         3.505923781599658E-5                          5.7997782078955016E-8
88                       1.1545188949272144E-8                         3.7799317617081495E-5                         6.634040025256535E-8
89                       1.2749390557311109E-8                         4.061774504856553E-5                          7.562877386115713E-8
90                       1.4046026029041888E-8                         4.3514520110448685E-5                         8.586290290473031E-8
91                       1.5473308334038366E-8                         4.676262239422637E-5                          9.718187814153028E-8
92                       1.7109029078373924E-8                         5.091776691196076E-5                          1.0986885195658582E-7
93                       1.8886141454278933E-8                         5.550099559260651E-5                          1.2367978177915194E-7
94                       2.08046454617534E-8                           6.051230843616362E-5                          1.386146676092286E-7
95                       2.2864541100797324E-8                         6.595170544263208E-5                          1.546735094468158E-7
96                       2.5190587440205224E-8                         7.243444444581262E-5                          1.7267310358699365E-7
97                       2.778871737919248E-8                          7.99897839417382E-5                           1.926522926577573E-7
98                       3.060172805354258E-8                          8.833562411461906E-5                          2.1423657011612384E-7
99                       3.362961946325552E-8                          9.747196496445519E-5                          2.374259359620931E-7
100                      3.687239160833131E-8                          1.0739880649124659E-4                         2.622203901956652E-7
101                      4.062388840895724E-8                          1.1881987794148624E-4                         2.9012372194307897E-7
102                      4.4707000672096766E-8                         1.313110190368769E-4                          3.202295490730467E-7
103                      4.9112981929577454E-8                         1.4485128278810352E-4                         3.5249311025879896E-7
104                      5.384183218139932E-8                          1.5944066919516614E-4                         3.8691440550033586E-7
105                      5.9010501454456246E-8                         1.7554189473083934E-4                         4.238842251886793E-7
106                      6.489129642694797E-8                          1.942323493624108E-4                          4.6431248645747945E-7
107                      7.125678625867274E-8                          2.146121957920766E-4                          5.074392255056715E-7
108                      7.810697094963054E-8                          2.3668143401983673E-4                         5.532644423332552E-7
109                      8.544185049982139E-8                          2.604400640456913E-4                          6.017881369402307E-7
110                      9.365217067175313E-8                          2.86689115487199E-4                           6.547058392888959E-7
111                      1.0278311284856236E-7                         3.155212102728033E-4                          7.122136011249033E-7
112                      1.126380791919451E-7                          3.465333224292509E-4                          7.734583421148214E-7
113                      1.232170697019014E-7                          3.7972545195654156E-4                         8.384400622586502E-7
114                      1.3452008437843127E-7                         4.1509759885467534E-4                         9.071587615563894E-7
115                      1.474402063661883E-7                          4.553789041173113E-4                          9.849973040429141E-7
116                      1.6146573568565257E-7                         4.990056819903037E-4                          1.068871529600666E-6
117                      1.7655243610024007E-7                         5.458427525328047E-4                          1.1585148139535391E-6
118                      1.9270030760995086E-7                         5.958901157448145E-4                          1.253927157101533E-6
119                      2.1036628926095024E-7                         6.501242620265079E-4                          1.3596649005531818E-6
120                      2.3076977465767052E-7                         7.111510666226347E-4                          1.4878871577432914E-6
121                      2.529212144214698E-7                          7.768558372632934E-4                          1.6287266937605802E-6
122                      2.7682060855234806E-7                         8.472385739484833E-4                          1.7821835086050477E-6
123                      3.0246795705030543E-7                         9.22299276678205E-4                           1.9482576022766954E-6
124                      3.298632599153418E-7                          0.0010020379454524582                         2.1269489747755212E-6
125                      3.5900651714745716E-7                         0.0010864545802712429                         2.3182576261015268E-6
126                      3.898977287466515E-7                          0.0011755491811345593                         2.5221835562547115E-6
127                      4.22536894712925E-7                           0.0012693217480424074                         2.7387267652350746E-6
128                      4.569240150462773E-7                          0.0013677722809947866                         2.967887253042618E-6
129                      4.998443169923426E-7                          0.0014675515291805317                         3.2445432224711573E-6
130                      5.464705522018214E-7                          0.001571042266951081                          3.543881098268468E-6
131                      5.96279178139028E-7                           0.0016785029197355112                         3.86320970708548E-6
132                      6.492701948039627E-7                          0.0017899334875338218                         4.202529048922196E-6
133                      7.054436021966252E-7                          0.0019053339703460131                         4.561839123778613E-6
134                      7.647994003170156E-7                          0.0020247043681720853                         4.941139931654731E-6
135                      8.273375891651339E-7                          0.0021480446810120384                         5.340431472550552E-6
136                      8.930581687409803E-7                          0.002275354908865872                          5.759713746466073E-6
137                      9.619611390445546E-7                          0.0024066350517335864                         6.198986753401298E-6
138                      1.042588483120257E-6                          0.0025321327580381243                         6.702657094897E-6
139                      1.1351185610530628E-6                         0.0026516443947065893                         7.27165199887942E-6
140                      1.2338345961127806E-6                         0.00277169678534312                           7.876252063538044E-6
141                      1.3387365882994108E-6                         0.0028922899299477158                         8.51645728887287E-6
142                      1.4498245376129535E-6                         0.0030134238285203763                         9.192267674883897E-6
143                      1.567098444053408E-6                          0.003135098481061102                          9.903683221571125E-6
144                      1.690558307620775E-6                          0.003257313887569893                          1.0650703928934556E-5
145                      1.8202041283150542E-6                         0.003380070048046749                          1.1433329796974187E-5
146                      1.9560359061362457E-6                         0.00350336696249167                           1.2251560825690023E-5
147                      2.1016119824901644E-6                         0.003622539124836058                          1.312243065641513E-5
148                      2.2676262975399404E-6                         0.003723565215302469                          1.4097130763041929E-5
149                      2.4431252412472666E-6                         0.003820807018857128                          1.5123226642127341E-5
150                      2.628108813612143E-6                          0.003914264535500037                          1.620071829367137E-5
151                      2.8225770146345693E-6                         0.0040039377652311935                         1.732960571767401E-5
152                      3.0265298443145465E-6                         0.004089826708050601                          1.8509888914135257E-5
153                      3.2399673026520723E-6                         0.004171931363958256                          1.974156788305512E-5
154                      3.462889389647149E-6                          0.004250251732954161                          2.1024642624433597E-5
155                      3.695296105299776E-6                          0.004324787815038315                          2.2359113138270685E-5
156                      3.937187449609953E-6                          0.004395539610210718                          2.3744979424566377E-5
157                      4.159005061097772E-6                          0.004455584472432634                          2.5119278478194366E-5
158                      4.379992437235308E-6                          0.00450942927944954                           2.6523001354454062E-5
159                      4.603875337679498E-6                          0.004557946613977084                          2.7964084387182435E-5
160                      4.830653762430339E-6                          0.004601136476015267                          2.944252757637949E-5
161                      5.060327711487832E-6                          0.004638998865564092                          3.0958330922045236E-5
162                      5.292897184851977E-6                          0.004671533782623556                          3.251149442417967E-5
163                      5.528362182522772E-6                          0.004698741227193658                          3.4102018082782796E-5
164                      5.7667227045002225E-6                         0.0047206211992744                            3.572990189785459E-5
165                      6.007978750784321E-6                          0.004737173698865784                          3.7395145869395085E-5
166                      6.2213019506241495E-6                         0.004754191380518927                          3.896917957145052E-5
167                      6.4011083902242754E-6                         0.004772723462303822                          4.04287151637076E-5
168                      6.572020870180457E-6                          0.004788143317043678                          4.187644259972722E-5
169                      6.734039390492694E-6                          0.0048004509447384935                         4.331236187950935E-5
170                      6.8871639511609855E-6                         0.004809646345388269                          4.4736473003054015E-5
171                      7.031394552185333E-6                          0.004815729518993005                          4.614877597036121E-5
172                      7.1667311935657345E-6                         0.004818700465552701                          4.7549270781430917E-5
173                      7.293173875302192E-6                          0.0048185591850673564                         4.893795743626316E-5
174                      7.410722597394706E-6                          0.004815305677536974                          5.031483593485793E-5
175                      7.518062335175684E-6                          0.004811004046555271                          5.16543271347537E-5
176                      7.609680713381398E-6                          0.004814306687679728                          5.2849207319431935E-5
177                      7.690884746199513E-6                          0.004816883546481184                          5.400270563378818E-5
178                      7.761674433630033E-6                          0.0048187346229596395                         5.5114822077822436E-5
179                      7.822049775672954E-6                          0.0048198599171150915                         5.618555665153469E-5
180                      7.87201077232828E-6                           0.004820259428947544                          5.721490935492496E-5
181                      7.911557423596006E-6                          0.004819933158456994                          5.820288018799323E-5
182                      7.940689729476136E-6                          0.0048188811056434425                         5.914946915073951E-5
183                      7.95940768996867E-6                           0.004817103270506888                          6.0054676243163786E-5
184                      7.996360360832663E-6                          0.004817114846169954                          6.091554530008785E-5
185                      8.038715958526282E-6                          0.004817789288917311                          6.173340037463227E-5
186                      8.078778985635745E-6                          0.004818450986179633                          6.250903553001774E-5
187                      8.116549442161053E-6                          0.004819099937956915                          6.324245076624421E-5
188                      8.152027328102203E-6                          0.0048197361442491584                         6.393364608331171E-5
189                      8.1852126434592E-6                            0.004820359605056364                          6.458262148122023E-5
190                      8.21610538823204E-6                           0.0048209703203785335                         6.518937695996979E-5
191                      8.246264309262626E-6                          0.004821598141524216                          6.576082375181217E-5
192                      8.281724327413618E-6                          0.00482235864228636                           6.632371972311927E-5
193                      8.316933603600291E-6                          0.004823145500292984                          6.685344891425748E-5
194                      8.351892137822649E-6                          0.004823958715544085                          6.73500113252268E-5
195                      8.386599930080692E-6                          0.004824798288039662                          6.781340695602728E-5
196                      8.42105698037442E-6                           0.004825664217779719                          6.824363580665886E-5
197                      8.455263288703828E-6                          0.004826556504764255                          6.864069787712158E-5
198                      8.489218855068923E-6                          0.004827475148993266                          6.900459316741542E-5
199                      8.521857756511684E-6                          0.004828327253497008                          6.936354727534835E-5
200                      8.55326734780373E-6                           0.004829120431390025                          6.971524705001981E-5
201                      8.584009856806026E-6                          0.0048299036817713616                         7.004480471988809E-5
202                      8.614085283518568E-6                          0.004830677004641015                          7.03522202849532E-5
203                      8.64349362794136E-6                           0.004831440399998987                          7.063749374521515E-5
204                      8.6722348900744E-6                            0.004832193867845276                          7.090062510067392E-5
205                      8.700309069917691E-6                          0.004832937408179884                          7.114161435132952E-5
206                      8.727747745211896E-6                          0.004833671835838075                          7.136297027804023E-5
207                      8.75516747488941E-6                           0.0048344130605699155                         7.161367710877177E-5
208                      8.782076782180023E-6                          0.004835148400258308                          7.185468811354091E-5
209                      8.808475667083734E-6                          0.004835877854903255                          7.208600329234768E-5
210                      8.834364129600545E-6                          0.0048366014245047545                         7.230762264519202E-5
211                      8.859742169730453E-6                          0.004837319109062809                          7.251954617207397E-5
212                      8.88460978747346E-6                           0.004838030908577415                          7.272177387299353E-5
213                      8.908966982829567E-6                          0.004838736823048575                          7.29143057479507E-5
214                      8.932813755798772E-6                          0.004839436852476288                          7.309714179694545E-5
215                      8.956150106381076E-6                          0.004840130996860555                          7.327028201997781E-5
216                      8.978976034576477E-6                          0.004840819256201375                          7.343372641704778E-5
217                      9.001291540384977E-6                          0.0048415016304987485                         7.358747498815535E-5
218                      9.023096623806576E-6                          0.004842178119752676                          7.373152773330052E-5
219                      9.044391284841274E-6                          0.004842848723963156                          7.386588465248328E-5
220                      9.065175523489071E-6                          0.0048435134431301895                         7.399054574570366E-5
221                      9.085449339749967E-6                          0.004844172277253777                          7.410551101296164E-5
222                      9.10570222765832E-6                           0.004844781696550868                          7.423128638274859E-5
223                      9.125557606705177E-6                          0.004845375189617245                          7.435209611022227E-5
224                      9.14496963886174E-6                           0.004845956832742527                          7.446601994452218E-5
225                      9.16393832412801E-6                           0.0048465266259267135                         7.457305788564824E-5
226                      9.18246366250399E-6                           0.004847084569169801                          7.467320993360049E-5
227                      9.200545653989674E-6                          0.004847630662471793                          7.476647608837892E-5
228                      9.218184298585062E-6                          0.004848164905832688                          7.485285634998354E-5
229                      9.235379596290159E-6                          0.0048486872992524865                         7.493235071841435E-5
230                      9.252131547104961E-6                          0.004849197842731188                          7.500495919367132E-5
231                      9.268440151029471E-6                          0.004849696536268793                          7.507068177575449E-5
232                      9.284305408063686E-6                          0.004850183379865302                          7.512951846466384E-5
233                      9.299727318207609E-6                          0.0048506583735207125                         7.518146926039938E-5
234                      9.314705881461238E-6                          0.004851121517235027                          7.522653416296107E-5
235                      9.329241097824571E-6                          0.004851572811008246                          7.526471317234898E-5
236                      9.343332967297612E-6                          0.004852012254840366                          7.529600628856307E-5
237                      9.357696793714015E-6                          0.004852458590331066                          7.534478876395931E-5
238                      9.371940050184493E-6                          0.004852901532925062                          7.539768454554792E-5
239                      9.385857424692267E-6                          0.004853335703264037                          7.544769726061932E-5
240                      9.399448917237337E-6                          0.004853761101347991                          7.549482690917355E-5
241                      9.412714527819698E-6                          0.004854177727176922                          7.553907349121058E-5
242                      9.425654256439355E-6                          0.0048545855807508335                         7.558043700673042E-5
243                      9.438268103096307E-6                          0.004854984662069723                          7.561891745573306E-5
244                      9.450556067790554E-6                          0.004855374971133594                          7.565451483821852E-5
245                      9.462518150522095E-6                          0.004855756507942442                          7.568722915418678E-5
246                      9.47415435129093E-6                           0.004856129272496269                          7.571706040363785E-5
247                      9.48546467009706E-6                           0.0048564932647950755                         7.574400858657173E-5
248                      9.496449106940485E-6                          0.004856848484838859                          7.576807370298842E-5
249                      9.507107661821202E-6                          0.004857194932627623                          7.578925575288793E-5
250                      9.517440334739217E-6                          0.004857532608161366                          7.580755473627023E-5
251                      9.527447125694524E-6                          0.004857861511440088                          7.582297065313535E-5
252                      9.537621303962561E-6                          0.004858187353534377                          7.584478331855253E-5
253                      9.547851143682739E-6                          0.0048585088408824645                         7.587089084745339E-5
254                      9.557855727511915E-6                          0.004858822721023969                          7.5896008375923E-5
255                      9.567635055450092E-6                          0.00485912899395889                           7.59201359039614E-5
256                      9.577189127497268E-6                          0.004859427659687228                          7.594327343156858E-5
257                      9.586517943653445E-6                          0.004859718718208982                          7.596542095874452E-5
258                      9.595621503918622E-6                          0.004860002169524151                          7.598657848548923E-5
259                      9.604499808292803E-6                          0.004860278013632737                          7.600674601180272E-5
260                      9.61315285677598E-6                           0.004860546250534739                          7.6025923537685E-5
261                      9.621580649368158E-6                          0.004860806880230158                          7.604411106313603E-5
262                      9.629783186069334E-6                          0.004861059902718993                          7.606130858815584E-5
263                      9.637760466879514E-6                          0.004861305318001246                          7.607751611274443E-5
264                      9.645512491798692E-6                          0.004861543126076914                          7.609273363690179E-5
265                      9.65303926082687E-6                           0.004861773326945998                          7.610696116062793E-5
266                      9.660340773964049E-6                          0.004861995920608498                          7.612019868392284E-5
267                      9.667787285568405E-6                          0.004862222902754193                          7.613506435338926E-5
268                      9.675485828965497E-6                          0.004862457741103424                          7.6152315024231E-5
269                      9.683058243867014E-6                          0.004862688183826049                          7.616927664534697E-5
270                      9.69050453027295E-6                           0.004862914230922072                          7.618594921673716E-5
271                      9.69782468818331E-6                           0.004863135882391488                          7.620233273840161E-5
272                      9.705018717598092E-6                          0.0048633531382343016                         7.62184272103403E-5
273                      9.712086618517298E-6                          0.004863565998450511                          7.62342326325532E-5
274                      9.719028390940924E-6                          0.0048637744630401145                         7.624974900504037E-5
275                      9.725844034868975E-6                          0.004863978532003114                          7.626497632780177E-5
276                      9.732533550301448E-6                          0.00486417820533951                           7.62799146008374E-5
277                      9.739096937238343E-6                          0.004864373483049301                          7.62945638241473E-5
278                      9.745534195679662E-6                          0.0048645643651324885                         7.63089239977314E-5
279                      9.751845325625403E-6                          0.004864750851589072                          7.632299512158975E-5
280                      9.758030327075565E-6                          0.0048649329424190505                         7.633677719572235E-5
281                      9.764089200030151E-6                          0.004865110637622423                          7.635027022012919E-5
282                      9.77002194448916E-6                           0.004865283937199193                          7.636347419481026E-5
283                      9.77582856045259E-6                           0.004865452841149359                          7.637638911976559E-5
284                      9.781509047920444E-6                          0.0048656173494729185                         7.638901499499513E-5
285                      9.78706340689272E-6                           0.004865777462169875                          7.640135182049892E-5
286                      9.792491637369418E-6                          0.004865933179240228                          7.641339959627695E-5
287                      9.797793739350539E-6                          0.004866084500683976                          7.642515832232923E-5
288                      9.802969712836084E-6                          0.0048662314265011195                         7.643662799865572E-5
289                      9.80801955782605E-6                           0.004866373956691658                          7.644780862525648E-5
290                      9.812943274320439E-6                          0.004866512091255594                          7.645870020213147E-5
291                      9.81774086231925E-6                           0.004866645830192924                          7.646930272928069E-5
292                      9.822412321822483E-6                          0.00486677517350365                           7.647961620670416E-5
293                      9.82695765283014E-6                           0.004866900121187773                          7.648964063440187E-5
294                      9.831376855342218E-6                          0.004867020673245289                          7.649937601237381E-5
295                      9.83566992935872E-6                           0.004867136829676203                          7.650882234062002E-5
296                      9.839836874879645E-6                          0.004867248590480512                          7.651797961914043E-5
297                      9.843501172208923E-6                          0.004867325668749215                          7.652634253583533E-5
298                      9.845518145269296E-6                          0.0048672725640308764                         7.653244618536486E-5
299                      9.847535118329672E-6                          0.004867219459312538                          7.65385498348944E-5
300                      9.849552091390047E-6                          0.0048671663545941995                         7.654465348442394E-5
301                      9.851569064450421E-6                          0.0048671132498758615                         7.655075713395346E-5
302                      9.853586037510796E-6                          0.004867060145157523                          7.6556860783483E-5
303                      9.85560301057117E-6                           0.004867007040439185                          7.656296443301254E-5
304                      9.857619983631546E-6                          0.004866953935720846                          7.656906808254208E-5
305                      9.85963695669192E-6                           0.004866900831002508                          7.657517173207162E-5
306                      9.861653929752295E-6                          0.004866847726284169                          7.658127538160114E-5
307                      9.863670902812669E-6                          0.00486679462156583                           7.658737903113068E-5
308                      9.865687875873044E-6                          0.004866741516847492                          7.659348268066021E-5
309                      9.86770484893342E-6                           0.004866688412129153                          7.659958633018977E-5
310                      9.869721821993793E-6                          0.004866635307410815                          7.66056899797193E-5
311                      9.871738795054169E-6                          0.004866582202692476                          7.661179362924883E-5
312                      9.873755768114544E-6                          0.004866529097974138                          7.661789727877837E-5
313                      9.875772741174918E-6                          0.004866475993255799                          7.66240009283079E-5
314                      9.877789714235293E-6                          0.004866422888537461                          7.663010457783744E-5
315                      9.879806687295667E-6                          0.004866369783819122                          7.663620822736698E-5
316                      9.881823660356043E-6                          0.004866316679100783                          7.66423118768965E-5
317                      9.883840633416416E-6                          0.004866263574382445                          7.664841552642604E-5
318                      9.885857606476792E-6                          0.004866210469664106                          7.665451917595558E-5
319                      9.887874579537165E-6                          0.004866157364945768                          7.666062282548512E-5
320                      9.889891552597541E-6                          0.0048661042602274295                         7.666672647501465E-5
321                      9.891908525657916E-6                          0.004866051155509091                          7.667283012454419E-5
322                      9.89392549871829E-6                           0.004865998050790752                          7.667893377407372E-5
323                      9.895942471778666E-6                          0.004865944946072414                          7.668503742360325E-5
324                      9.897959444839041E-6                          0.004865891841354075                          7.669114107313279E-5
325                      9.899976417899415E-6                          0.004865838736635736                          7.669724472266233E-5
326                      9.90199339095979E-6                           0.004865785631917398                          7.670334837219187E-5
327                      9.904010364020164E-6                          0.004865732527199059                          7.670945202172139E-5
328                      9.90602733708054E-6                           0.004865679422480721                          7.671555567125093E-5
329                      9.908044310140913E-6                          0.004865626317762382                          7.672165932078047E-5
330                      9.910061283201289E-6                          0.004865573213044044                          7.672776297031E-5
331                      9.912078256261662E-6                          0.004865520108325705                          7.673386661983954E-5
332                      9.914095229322038E-6                          0.004865467003607367                          7.673997026936908E-5
333                      9.916112202382413E-6                          0.004865413898889028                          7.674607391889862E-5
334                      9.918129175442787E-6                          0.004865360794170689                          7.675217756842815E-5
335                      9.920146148503162E-6                          0.004865307689452351                          7.675828121795769E-5
336                      9.922163121563538E-6                          0.004865254584734012                          7.676438486748723E-5
337                      9.924180094623912E-6                          0.004865201480015674                          7.677048851701675E-5
338                      9.926197067684287E-6                          0.0048651483752973354                         7.677659216654629E-5
339                      9.92821404074466E-6                           0.004865095270578997                          7.678269581607583E-5
340                      9.930231013805036E-6                          0.0048650421658606585                         7.678879946560537E-5
341                      9.93224798686541E-6                           0.0048649890611423205                         7.67949031151349E-5
342                      9.934264959925784E-6                          0.004864935956423982                          7.680100676466443E-5
343                      9.936281932986159E-6                          0.004864882851705643                          7.680711041419397E-5
344                      9.938298906046535E-6                          0.004864829746987305                          7.68132140637235E-5
345                      9.940133902561702E-6                          0.004864780117937491                          7.68184544992767E-5
346                      9.941197389779433E-6                          0.004864745224361302                          7.682003524556788E-5
347                      9.942260876997165E-6                          0.004864710330785113                          7.682161599185907E-5
348                      9.943324364214897E-6                          0.004864675437208924                          7.682319673815027E-5
349                      9.944387851432628E-6                          0.004864640543632735                          7.682477748444146E-5
350                      9.94545133865036E-6                           0.004864605650056545                          7.682635823073266E-5
351                      9.946514825868091E-6                          0.004864570756480356                          7.682793897702385E-5
352                      9.947578313085823E-6                          0.004864535862904168                          7.682951972331505E-5
353                      9.948641800303555E-6                          0.004864500969327979                          7.683110046960624E-5
354                      9.949705287521286E-6                          0.00486446607575179                           7.683268121589744E-5
355                      9.950768774739018E-6                          0.0048644311821756                            7.683426196218863E-5
356                      9.95183226195675E-6                           0.004864396288599411                          7.683584270847981E-5
357                      9.952895749174481E-6                          0.004864361395023222                          7.6837423454771E-5
358                      9.953959236392213E-6                          0.004864326501447033                          7.68390042010622E-5
359                      9.955022723609944E-6                          0.004864291607870844                          7.684058494735339E-5
360                      9.956086210827677E-6                          0.004864256714294655                          7.684216569364459E-5
361                      9.957149698045407E-6                          0.004864221820718465                          7.684374643993578E-5
362                      9.958213185263139E-6                          0.004864186927142276                          7.684532718622698E-5
363                      9.95927667248087E-6                           0.004864152033566087                          7.684690793251817E-5
364                      9.960340159698602E-6                          0.0048641171399898975                         7.684848867880937E-5
365                      9.961403646916334E-6                          0.004864082246413709                          7.685006942510055E-5
366                      9.962467134134065E-6                          0.00486404735283752                           7.685165017139174E-5
367                      9.963530621351799E-6                          0.00486401245926133                           7.685323091768294E-5
368                      9.964594108569529E-6                          0.004863977565685141                          7.685481166397413E-5
369                      9.96565759578726E-6                           0.004863942672108952                          7.685639241026533E-5
370                      9.966721083004993E-6                          0.004863907778532763                          7.685797315655652E-5
371                      9.967784570222723E-6                          0.004863872884956574                          7.685955390284772E-5
372                      9.968848057440455E-6                          0.004863837991380384                          7.68611346491389E-5
373                      9.969911544658188E-6                          0.004863803097804195                          7.686271539543011E-5
374                      9.97097503187592E-6                           0.004863768204228006                          7.68642961417213E-5
375                      9.97203851909365E-6                           0.004863733310651817                          7.686587688801248E-5
376                      9.973102006311383E-6                          0.004863698417075628                          7.686745763430367E-5
377                      9.974165493529115E-6                          0.004863663523499439                          7.686903838059487E-5
378                      9.975228980746845E-6                          0.00486362862992325                           7.687061912688606E-5
379                      9.976292467964576E-6                          0.004863593736347061                          7.687219987317726E-5
380                      9.97735595518231E-6                           0.004863558842770872                          7.687378061946845E-5
381                      9.978419442400041E-6                          0.004863523949194683                          7.687536136575965E-5
382                      9.979482929617771E-6                          0.004863489055618494                          7.687694211205083E-5
383                      9.980546416835504E-6                          0.004863454162042305                          7.687852285834204E-5
384                      9.981609904053236E-6                          0.004863419268466115                          7.688010360463322E-5
385                      9.982673391270966E-6                          0.004863384374889926                          7.688168435092441E-5
386                      9.983736878488699E-6                          0.004863349481313737                          7.68832650972156E-5
387                      9.98480036570643E-6                           0.0048633145877375475                         7.68848458435068E-5
388                      9.985863852924162E-6                          0.0048632796941613585                         7.688642658979799E-5
389                      9.986927340141894E-6                          0.0048632448005851685                         7.688800733608919E-5
390                      9.987990827359625E-6                          0.0048632099070089795                         7.688958808238038E-5
391                      9.989054314577357E-6                          0.004863175013432791                          7.689116882867158E-5
392                      9.990117801795087E-6                          0.004863140119856602                          7.689274957496278E-5
393                      9.991093045845195E-6                          0.004863106971791477                          7.68941792443601E-5
394                      9.991694173416828E-6                          0.004863081224009795                          7.689496840688269E-5
395                      9.99229530098846E-6                           0.004863055476228113                          7.68957575694053E-5
396                      9.992896428560092E-6                          0.004863029728446431                          7.68965467319279E-5
397                      9.993497556131725E-6                          0.004863003980664749                          7.68973358944505E-5
398                      9.994098683703358E-6                          0.004862978232883067                          7.68981250569731E-5
399                      9.99469981127499E-6                           0.0048629524851013855                         7.68989142194957E-5
400                      9.995300938846623E-6                          0.004862926737319704                          7.68997033820183E-5
401                      9.995902066418255E-6                          0.004862900989538022                          7.69004925445409E-5
402                      9.996503193989888E-6                          0.004862875241756339                          7.690128170706351E-5
403                      9.99710432156152E-6                           0.004862849493974658                          7.690207086958611E-5
404                      9.997705449133153E-6                          0.004862823746192976                          7.690286003210872E-5
405                      9.998306576704785E-6                          0.004862797998411294                          7.690364919463133E-5
406                      9.998907704276417E-6                          0.004862772250629611                          7.690443835715393E-5
407                      9.99950883184805E-6                           0.00486274650284793                           7.690522751967652E-5
408                      1.0000109959419683E-5                         0.004862720755066248                          7.690601668219912E-5
409                      1.0000711086991314E-5                         0.004862695007284566                          7.690680584472172E-5
410                      1.0001312214562949E-5                         0.004862669259502884                          7.690759500724432E-5
411                      1.000191334213458E-5                          0.0048626435117212026                         7.690838416976692E-5
412                      1.0002514469706213E-5                         0.004862617763939521                          7.690917333228953E-5
413                      1.0003115597277844E-5                         0.004862592016157839                          7.690996249481213E-5
414                      1.0003716724849479E-5                         0.004862566268376156                          7.691075165733473E-5
415                      1.000431785242111E-5                          0.004862540520594475                          7.691154081985733E-5
416                      1.0004918979992743E-5                         0.004862514772812793                          7.691232998237993E-5
417                      1.0005520107564376E-5                         0.004862489025031111                          7.691311914490254E-5
418                      1.0006121235136009E-5                         0.004862463277249428                          7.691390830742515E-5
419                      1.000672236270764E-5                          0.004862437529467747                          7.691469746994774E-5
420                      1.0007323490279273E-5                         0.004862411781686065                          7.691548663247034E-5
421                      1.0007924617850906E-5                         0.004862386033904383                          7.691627579499294E-5
422                      1.0008525745422539E-5                         0.004862360286122701                          7.691706495751554E-5
423                      1.000912687299417E-5                          0.00486233453834102                           7.691785412003815E-5
424                      1.0009728000565803E-5                         0.004862308790559338                          7.691864328256075E-5
425                      1.0010329128137436E-5                         0.004862283042777655                          7.691943244508335E-5
426                      1.0010930255709069E-5                         0.004862257294995973                          7.692022160760595E-5
427                      1.0011531383280701E-5                         0.004862231547214292                          7.692101077012855E-5
428                      1.0012132510852333E-5                         0.00486220579943261                           7.692179993265116E-5
429                      1.0012733638423966E-5                         0.004862180051650927                          7.692258909517376E-5
430                      1.0013334765995598E-5                         0.004862154303869245                          7.692337825769636E-5
431                      1.0013935893567231E-5                         0.004862128556087564                          7.692416742021896E-5
432                      1.0014537021138864E-5                         0.004862102808305882                          7.692495658274156E-5
433                      1.0015138148710497E-5                         0.0048620770605242                            7.692574574526417E-5
434                      1.0015739276282128E-5                         0.004862051312742518                          7.692653490778677E-5
435                      1.0016340403853761E-5                         0.004862025564960837                          7.692732407030937E-5
436                      1.0016941531425394E-5                         0.004861999817179155                          7.692811323283197E-5
437                      1.0017542658997027E-5                         0.004861974069397472                          7.692890239535457E-5
438                      1.0018143786568658E-5                         0.00486194832161579                           7.692969155787717E-5
439                      1.0018744914140291E-5                         0.004861922573834109                          7.693048072039978E-5
440                      1.0019346041711924E-5                         0.004861896826052427                          7.693126988292238E-5
441                      1.0019902025141536E-5                         0.004861868010189118                          7.693206420349312E-5
442                      1.00202666150855E-5                           0.004861826186861044                          7.693288039216827E-5
443                      1.0020631205029468E-5                         0.004861784363532968                          7.693369658084343E-5
444                      1.0020995794973432E-5                         0.0048617425402048935                         7.69345127695186E-5
445                      1.0021360384917398E-5                         0.0048617007168768175                         7.693532895819375E-5
446                      1.0021724974861364E-5                         0.004861658893548743                          7.693614514686891E-5
447                      1.0022089564805328E-5                         0.004861617070220667                          7.693696133554408E-5
448                      1.0022454154749294E-5                         0.004861575246892593                          7.693777752421924E-5
449                      1.002281874469326E-5                          0.004861533423564517                          7.69385937128944E-5
450                      1.0023183334637224E-5                         0.004861491600236443                          7.693940990156956E-5
451                      1.002354792458119E-5                          0.004861449776908367                          7.694022609024472E-5
452                      1.0023912514525155E-5                         0.004861407953580293                          7.694104227891987E-5
453                      1.002427710446912E-5                          0.004861366130252217                          7.694185846759505E-5
454                      1.0024641694413086E-5                         0.0048613243069241426                         7.69426746562702E-5
455                      1.002500628435705E-5                          0.004861282483596067                          7.694349084494536E-5
456                      1.0025370874301017E-5                         0.0048612406602679915                         7.694430703362053E-5
457                      1.0025735464244983E-5                         0.004861198836939916                          7.694512322229568E-5
458                      1.0026100054188947E-5                         0.0048611570136118405                         7.694593941097084E-5
459                      1.0026464644132913E-5                         0.004861115190283766                          7.694675559964601E-5
460                      1.0026829234076879E-5                         0.00486107336695569                           7.694757178832117E-5
461                      1.0027193824020843E-5                         0.004861031543627616                          7.694838797699632E-5
462                      1.0027558413964809E-5                         0.00486098972029954                           7.694920416567148E-5
463                      1.0027923003908775E-5                         0.004860947896971466                          7.695002035434665E-5
464                      1.0028287593852739E-5                         0.00486090607364339                           7.695083654302181E-5
465                      1.0028652183796705E-5                         0.004860864250315316                          7.695165273169697E-5
466                      1.002901677374067E-5                          0.00486082242698724                           7.695246892037213E-5
467                      1.0029381363684635E-5                         0.0048607806036591655                         7.695328510904729E-5
468                      1.0029745953628601E-5                         0.0048607387803310895                         7.695410129772244E-5
469                      1.0030110543572567E-5                         0.004860696957003015                          7.695491748639762E-5
470                      1.0030475133516531E-5                         0.004860655133674939                          7.695573367507277E-5
471                      1.0030839723460497E-5                         0.004860613310346865                          7.695654986374793E-5
472                      1.0031204313404463E-5                         0.004860571487018789                          7.695736605242309E-5
473                      1.0031568903348429E-5                         0.004860529663690715                          7.695818224109825E-5
474                      1.0031933493292393E-5                         0.004860487840362639                          7.69589984297734E-5
475                      1.0032298083236359E-5                         0.004860446017034563                          7.695981461844858E-5
476                      1.0032662673180325E-5                         0.004860404193706489                          7.696063080712373E-5
477                      1.003302726312429E-5                          0.004860362370378413                          7.696144699579889E-5
478                      1.0033391853068255E-5                         0.004860320547050339                          7.696226318447405E-5
479                      1.0033756443012221E-5                         0.004860278723722263                          7.696307937314922E-5
480                      1.0034121032956185E-5                         0.0048602369003941884                         7.696389556182437E-5
