% Model:              Single sender-receiver.mph
% Version:            COMSOL 6.4.0.293
% Date:               Jul 30 2026, 11:26
% Table:              Table 1 - Point Evaluation 1
% Time (min)             Molar concentration, rS6 (mol/m^3), Point: 10 Molar concentration, rTh (mol/m^3), Point: 10 Molar concentration, rGRep6 (mol/m^3), Point: 10
0                        -5.7443917188985115E-56                       4.522545643688163E-55                         9.045091287376318E-58
1                        3.0452474337279855E-23                        -1.6639314972564846E-21                       -3.327862994512951E-24
2                        6.2869518969727575E-18                        -1.3209017231680485E-15                       -2.641804733515966E-18
3                        3.1535194822438166E-16                        -8.47799094279186E-14                         -1.6956158852313267E-16
4                        3.078516371947429E-15                         -1.0644615052155862E-12                       -2.1140351360442124E-15
5                        1.7426541609262555E-14                        -7.518341166348518E-12                        -1.715545300269031E-14
6                        5.565247880440703E-14                         -2.7172149989984696E-11                       -6.70385650830201E-14
7                        1.3080260711116486E-13                        -6.905048488302646E-11                        -1.8350685295022035E-13
8                        2.5845615619770687E-13                        -1.4399223213562785E-10                       -4.1551507882410693E-13
9                        4.5233707575356315E-13                        -2.6593000605509715E-10                       -8.297298045857419E-13
10                       7.231623795371358E-13                         -4.642584962061059E-10                        -1.5447637109976054E-12
11                       1.07806175009907E-12                          -7.744659429392224E-10                        -2.6825649248632856E-12
12                       1.5203808329848662E-12                        -1.1872958472544132E-9                        -3.939791938821205E-12
13                       2.05210514104323E-12                          -1.6500517026498965E-9                        -5.1344776155188655E-12
14                       2.67347773700068E-12                          -2.087895080625454E-9                         -6.2129370732523074E-12
15                       3.3830321727505676E-12                        -2.419014889873348E-9                         -7.1673250632279814E-12
16                       4.176663191808567E-12                         -2.4989227158996467E-9                        -8.122044290365386E-12
17                       5.055099292278079E-12                         -2.3550356592392766E-9                        -9.057261807297394E-12
18                       6.021213846459391E-12                         -1.6708606905223012E-9                        -1.0902865740452281E-11
19                       7.0739464008575356E-12                        -5.632034666746381E-10                        -1.3315669405146046E-11
20                       8.217710698496824E-12                         1.3708428439343692E-9                         -1.63970306557489E-11
21                       9.454245008113317E-12                         4.290257766165071E-9                          -2.0191686441549913E-11
22                       1.0785945229295402E-11                        8.052286559512072E-9                          -2.3685890254128764E-11
23                       1.2223501428033929E-11                        1.2664932035438273E-8                         -2.4273099786377647E-11
24                       1.376163867303475E-11                         1.812424526784135E-8                          -2.3239493402120297E-11
25                       1.5400356964297863E-11                        2.4430226256721307E-8                         -2.058507110135671E-11
26                       1.713965630182327E-11                         3.1582875002078145E-8                         -1.6309832884086893E-11
27                       1.9052258882132747E-11                        3.999874466770828E-8                          -5.142852977493639E-12
28                       2.1137212546005857E-11                        4.96723812800703E-8                           1.2846855843578279E-11
29                       2.3364145983330385E-11                        6.042981779854951E-8                          3.5457972264847333E-11
30                       2.5733059194106322E-11                        7.227105422314593E-8                          6.26904962863135E-11
31                       2.8244054737001736E-11                        8.519620763723043E-8                          9.454381170565677E-11
32                       3.1108185348116184E-11                        9.944622077369543E-8                          1.2974985227236244E-10
33                       3.4188932515566584E-11                        1.148652409108401E-7                          1.6912886092991808E-10
34                       3.7486296239352936E-11                        1.3145326804866448E-7                         2.1268083767832367E-10
35                       4.100027651947525E-11                         1.492103021871685E-7                          2.604057825175793E-10
36                       4.483803319232911E-11                         1.679689051319442E-7                          3.1272018388587517E-10
37                       4.918397989967237E-11                         1.8744092893280067E-7                         3.7034078559526E-10
38                       5.387229876194268E-11                         2.0788546549663504E-7                         4.326231182997001E-10
39                       5.890298977914003E-11                         2.2930251482344727E-7                         4.995671819991956E-10
40                       6.42760529512644E-11                          2.5169207691323737E-7                         5.711729766937463E-10
41                       7.03385995036448E-11                          2.7294576980686275E-7                         6.438801908705204E-10
42                       7.706651525638923E-11                         2.9321006500433166E-7                         7.179361630942971E-10
43                       8.432766709197349E-11                         3.1328754986342655E-7                         7.946961795823462E-10
44                       9.212205501039757E-11                         3.331782243841473E-7                          8.741602403346677E-10
45                       1.0046287977419285E-10                        3.529294768424543E-7                          9.56282398665887E-10
46                       1.1008036253068467E-10                        3.75162664993947E-7                           1.038521040693423E-9
47                       1.204964566056047E-10                         3.9816169041868537E-7                         1.1225400597026075E-9
48                       1.317111619989529E-10                         4.219265531166692E-7                          1.2083394556934403E-9
49                       1.437244787107293E-10                         4.464572530878988E-7                          1.295919228665922E-9
50                       1.5687966790412113E-10                        4.78778814574134E-7                           1.384779377704844E-9
51                       1.7169730141543624E-10                        5.295450200647372E-7                          1.474161627705126E-9
52                       1.8769178394754803E-10                        5.888179007480728E-7                          1.564773306261681E-9
53                       2.0486311550045655E-10                        6.565974566241412E-7                          1.6566144133745087E-9
54                       2.2321129607416173E-10                        7.32883687692942E-7                           1.7496849490436097E-9
55                       2.4388614975137974E-10                        8.20742468612245E-7                           1.856956008934067E-9
56                       2.667467566508785E-10                         9.197980526055294E-7                          1.9768378844217085E-9
57                       2.913954758408104E-10                         1.0289901755209414E-6                         2.1048448122972945E-9
58                       3.1783230732117546E-10                        1.1483188373584808E-6                         2.240976792560825E-9
59                       3.4614398445562967E-10                        1.2773834451355088E-6                         2.38584276161239E-9
60                       3.7868474905184313E-10                        1.4053105274698734E-6                         2.5559713477777204E-9
61                       4.138938066399098E-10                         1.5393088825175886E-6                         2.740404546827226E-9
62                       4.517711572198298E-10                         1.6793785102786537E-6                         2.939142358760906E-9
63                       4.923168007916032E-10                         1.8255194107530687E-6                         3.152184783578761E-9
64                       5.367310249533273E-10                         1.9879532349393653E-6                         3.4081896580297515E-9
65                       5.866152672262555E-10                         2.180317827187636E-6                          3.745392597578421E-9
66                       6.404137484334954E-10                         2.3893641696773382E-6                         4.126648116643262E-9
67                       6.981264685750472E-10                         2.615092262408471E-6                          4.551956215224275E-9
68                       7.597534276509109E-10                         2.857502105381034E-6                          5.0213168933214596E-9
69                       8.287143018843908E-10                         3.1498848858479624E-6                         5.49284687614389E-9
70                       9.04418734081986E-10                          3.4864933661786764E-6                         5.9737766998434215E-9
71                       9.857965712067075E-10                         3.856909406520962E-6                          6.47721331104005E-9
72                       1.0728478132585552E-9                         4.261133006874816E-6                          7.003156709733775E-9
73                       1.165952197595396E-9                          4.699191663074714E-6                          7.557313660444369E-9
74                       1.2717835799892675E-9                         5.171568612362959E-6                          8.239980124422317E-9
75                       1.385858257580064E-9                          5.6779392010042255E-6                         8.983774170790408E-9
76                       1.508176230367784E-9                          6.218303428998512E-6                          9.788695799548642E-9
77                       1.6387374983524286E-9                         6.7926612963458186E-6                         1.0654745010697022E-8
78                       1.7814070327817862E-9                         7.434411868681627E-6                          1.1620187024097203E-8
79                       1.9407088698959222E-9                         8.182649507550205E-6                          1.2729812144848418E-8
80                       2.112044645348013E-9                          8.99763754667667E-6                           1.3938094181045402E-8
81                       2.2954143591380605E-9                         9.87937598606102E-6                           1.5245033132688144E-8
82                       2.4908180112660635E-9                         1.0827864825703262E-5                         1.6650628999776653E-8
83                       2.708875053302044E-9                          1.178118704874116E-5                          1.8131214948762058E-8
84                       2.947249687205219E-9                          1.2752961592624028E-5                         1.9691996610374967E-8
85                       3.2029489307274863E-9                         1.3760639126164851E-5                         2.13396442361075E-8
86                       3.475972783868845E-9                          1.4804219649363628E-5                         2.3074157825959663E-8
87                       3.767386151874749E-9                          1.5894185999727445E-5                         2.4906743157522297E-8
88                       4.090773413937515E-9                          1.7164261661402296E-5                         2.698034584270647E-8
89                       4.436879542012981E-9                          1.8523340918152428E-5                         2.9197577136079127E-8
90                       4.805704536101148E-9                          1.997142376997783E-5                          3.1558437037640266E-8
91                       5.197248396202017E-9                          2.1508510216878507E-5                         3.4062925547389885E-8
92                       5.626213301143748E-9                          2.319430221127036E-5                          3.707475932654932E-8
93                       6.107635929757878E-9                          2.5089860028272217E-5                         4.096593021961919E-8
94                       6.62543748875631E-9                           2.712989162083371E-5                          4.533866555089147E-8
95                       7.179617978139046E-9                          2.9314396988954853E-5                         5.019296532036619E-8
96                       7.770177397906083E-9                          3.164337613263563E-5                          5.5528829528043326E-8
97                       8.397115748057425E-9                          3.411682905187606E-5                          6.134625817392288E-8
98                       9.06043302859307E-9                           3.6734755746676134E-5                         6.764525125800489E-8
99                       9.760129239513017E-9                          3.949715621703584E-5                          7.44258087802893E-8
100                      1.0496204380817267E-8                         4.24040304629552E-5                           8.168793074077615E-8
101                      1.1279505273046783E-8                         4.5459139378749664E-5                         8.95018171520719E-8
102                      1.2204955692272014E-8                         4.8695395677271594E-5                         9.848180935518347E-8
103                      1.318894012535065E-8                          5.2083807534891735E-5                         1.0808675245089249E-7
104                      1.423145857228269E-8                          5.5624374951610106E-5                         1.1831664643919897E-7
105                      1.5332511033068135E-8                         5.931709792742672E-5                          1.2917149132010296E-7
106                      1.649209750770699E-8                          6.316197646234155E-5                          1.4065128709360438E-7
107                      1.771021799619925E-8                          6.715901055635463E-5                          1.5275603375970328E-7
108                      1.8986872498544914E-8                         7.130820020946592E-5                          1.6548573131839967E-7
109                      2.0322061014743986E-8                         7.560954542167545E-5                          1.788403797696935E-7
110                      2.1851575659907996E-8                         8.086686842518046E-5                          1.942540093310141E-7
111                      2.352914400012956E-8                          8.68062592725434E-5                           2.1123796078674574E-7
112                      2.5306892812994817E-8                         9.31443321392517E-5                           2.292866698227102E-7
113                      2.7184822098503762E-8                         9.988108702530537E-5                          2.4840013643890737E-7
114                      2.9162931856656395E-8                         1.0701652393070442E-4                         2.685783606353373E-7
115                      3.124122208745272E-8                          1.145506428554488E-4                          2.8982134241199993E-7
116                      3.3419692790892734E-8                         1.2248344379953857E-4                         3.1212908176889535E-7
117                      3.5698343966976445E-8                         1.3081492676297367E-4                         3.355015787060235E-7
118                      3.8167259666926135E-8                         1.4000468584141637E-4                         3.6067927766510954E-7
119                      4.096210699364024E-8                          1.50744872404856E-4                           3.887772922639702E-7
120                      4.392001879150252E-8                          1.6220456486303454E-4                         4.1845693847941426E-7
121                      4.704099506051295E-8                          1.7438376321595193E-4                         4.4971821631144165E-7
122                      5.032503580067155E-8                          1.8728246746360823E-4                         4.825611257600526E-7
123                      5.377214101197831E-8                          2.0090067760600335E-4                         5.169856668252467E-7
124                      5.738231069443322E-8                          2.1523839364313732E-4                         5.529918395070243E-7
125                      6.11555448480363E-8                           2.302956155750102E-4                          5.905796438053851E-7
126                      6.509184347278754E-8                          2.4607234340162193E-4                         6.297490797203297E-7
127                      6.960672047071393E-8                          2.654013744221737E-4                          6.723184854686392E-7
128                      7.440253674493848E-8                          2.8625353169298997E-4                         7.169853569896324E-7
129                      7.945607549550521E-8                          3.0847053293304354E-4                         7.636480948075145E-7
130                      8.476733672241413E-8                          3.3205237814233434E-4                         8.123066989222852E-7
131                      9.033632042566522E-8                          3.5699906732086225E-4                         8.629611693339449E-7
132                      9.61630266052585E-8                           3.8331060046862745E-4                         9.156115060424934E-7
133                      1.0224745526119395E-7                         4.109869775856298E-4                          9.702577090479307E-7
134                      1.085896063934716E-7                          4.4002819867186934E-4                         1.0268997783502571E-6
135                      1.1551555587779235E-7                         4.7121761806467497E-4                         1.088679038595768E-6
136                      1.2306462544637695E-7                         5.046497010458468E-4                          1.1559743044584858E-6
137                      1.310031944597883E-7                          5.397632048040329E-4                          1.226534939423306E-6
138                      1.3933126291802642E-7                         5.765581293392328E-4                          1.3003609434902285E-6
139                      1.4804883082109134E-7                         6.150344746514469E-4                          1.3774523166592538E-6
140                      1.57155898168983E-7                           6.551922407406751E-4                          1.4578090589303815E-6
141                      1.6665246496170148E-7                         6.970314276069173E-4                          1.541431170303612E-6
142                      1.7653853119924672E-7                         7.405520352501738E-4                          1.6283186507789445E-6
143                      1.869377465367172E-7                          7.857666119046597E-4                          1.7191690902001832E-6
144                      1.9844973733281225E-7                         8.327360089490972E-4                          1.8173653791833408E-6
145                      2.1052550288407924E-7                         8.814045126056654E-4                          1.919810240063835E-6
146                      2.2316504319051817E-7                         9.317721228743643E-4                          2.0265036728416655E-6
147                      2.363683582521289E-7                          9.838388397551939E-4                          2.1374456775168325E-6
148                      2.501354480689116E-7                          0.0010376046632481542                         2.2526362540893356E-6
149                      2.644663126408661E-7                          0.0010930695933532451                         2.372075402559175E-6
150                      2.793609519679926E-7                          0.0011502336300704668                         2.4957631229263514E-6
151                      2.9481936605029085E-7                         0.0012090967733998188                         2.6236994151908637E-6
152                      3.116246947664202E-7                          0.0012695261834100894                         2.7650691325293815E-6
153                      3.294121003554265E-7                          0.001331583745626956                          2.91559336978207E-6
154                      3.479828385416582E-7                          0.001395303172004853                          3.07294120620117E-6
155                      3.673369093251152E-7                          0.001460684462543781                          3.2371126417866826E-6
156                      3.874743127057977E-7                          0.0015277276172437394                         3.4081076765386074E-6
157                      4.0839504868370553E-7                         0.0015964326361047288                         3.5859263104569436E-6
158                      4.300991172588388E-7                          0.0016667995191267492                         3.7705685435416923E-6
159                      4.525865184311974E-7                          0.0017388282663098002                         3.962034375792852E-6
160                      4.7631689432700213E-7                         0.001811636351526006                          4.164959615273801E-6
161                      5.017338151374886E-7                          0.00188437210722581                           4.383817973491605E-6
162                      5.282021097501735E-7                          0.00195825508024894                           4.6122033114156945E-6
163                      5.557217781650564E-7                          0.0020332852705953956                         4.850115629046067E-6
164                      5.842928203821377E-7                          0.002109462678265176                          5.097554926382725E-6
165                      6.139152364014171E-7                          0.002186787303258282                          5.354521203425668E-6
166                      6.445890262228949E-7                          0.0022652591455747132                         5.621014460174895E-6
167                      6.76314189846571E-7                           0.0023448782052144703                         5.897034696630408E-6
168                      7.090947263852252E-7                          0.0024256310687325255                         6.18262839642719E-6
169                      7.443700219130962E-7                          0.002502689883793396                          6.494526244733276E-6
170                      7.810048489818329E-7                          0.002579862322699822                          6.8195329401820555E-6
171                      8.189992075914349E-7                          0.002657148385451806                          7.1576484827735285E-6
172                      8.583530977419023E-7                          0.0027345480720493464                         7.5088728725076955E-6
173                      8.990665194332354E-7                          0.0028120613824924438                         7.873206109384557E-6
174                      9.411394726654339E-7                          0.002889688316781098                          8.250648193404114E-6
175                      9.845719574384978E-7                          0.0029674288749153084                         8.641199124566365E-6
176                      1.0293639737524273E-6                         0.003045283056895076                          9.04485890287131E-6
177                      1.0762627377228823E-6                         0.003120119907629586                          9.468754868045543E-6
178                      1.1252056722151716E-6                         0.0031922016353265123                         9.912290126514758E-6
179                      1.1757778267473436E-6                         0.0032632669489037615                         1.0371506662662581E-5
180                      1.227979201319398E-6                          0.0033333158483613325                         1.084640447648901E-5
181                      1.281809795931335E-6                          0.0034023483336992257                         1.1336983567994047E-5
182                      1.3372696105831544E-6                         0.003470364404917441                          1.1843243937177693E-5
183                      1.3943586452748564E-6                         0.003537364062015979                          1.2365185584039946E-5
184                      1.453076900006441E-6                          0.003603347304994839                          1.2902808508580806E-5
185                      1.5133434331566122E-6                         0.003667375557263905                          1.3455876072951469E-5
186                      1.5749143284608726E-6                         0.0037266204334740227                         1.402367517282817E-5
187                      1.638031992561693E-6                          0.003783892813816036                          1.4606914499061076E-5
188                      1.7026964254590735E-6                         0.003839192698289944                          1.5205594051650181E-5
189                      1.7689076271530143E-6                         0.0038925200868957475                         1.5819713830595493E-5
190                      1.8366655976435152E-6                         0.0039438749796334455                         1.6449273835897006E-5
191                      1.9059703369305767E-6                         0.003993257376503039                          1.7094274067554732E-5
192                      1.9768218450141978E-6                         0.004040667277504528                          1.7754714525568653E-5
193                      2.04922012189438E-6                           0.0040861046826379125                         1.843059520993878E-5
194                      2.119752887718739E-6                          0.004128410271429472                          1.911419115440227E-5
195                      2.190374014501627E-6                          0.004168247870976413                          1.9809925675933634E-5
196                      2.26166178547398E-6                           0.004205813952734256                          2.0519107933992982E-5
197                      2.3336162006357985E-6                         0.004241108516703001                          2.124173792858032E-5
198                      2.406237259987082E-6                          0.0042741315628826455                         2.197781565969565E-5
199                      2.479524963527831E-6                          0.004304883091273192                          2.2727341127338963E-5
200                      2.553479311258046E-6                          0.004333363101874639                          2.3490314331510274E-5
201                      2.6281003031777255E-6                         0.004359571594686986                          2.4266735272209567E-5
202                      2.700468828796298E-6                          0.00438449006182438                           2.5041105624785912E-5
203                      2.768915046043813E-6                          0.0044086799540536984                         2.5804559758904497E-5
204                      2.8365690359929057E-6                         0.0044310888446513355                         2.6573716097473302E-5
205                      2.9034307986435754E-6                         0.004451716733617292                          2.7348574640492335E-5
206                      2.9695003339958227E-6                         0.0044705636209515665                         2.812913538796158E-5
207                      3.034777642049648E-6                          0.00448762950665416                           2.891539833988105E-5
208                      3.099262722805051E-6                          0.004502914390725073                          2.9707363496250744E-5
209                      3.162955576262031E-6                          0.004516418273164306                          3.050503085707065E-5
210                      3.225677091755119E-6                          0.004528397833498131                          3.130539019286751E-5
211                      3.2846867421323244E-6                         0.004542780460468379                          3.206238274112406E-5
212                      3.342253015118479E-6                          0.004556315234577678                          3.2814133917717106E-5
213                      3.3983759107135812E-6                         0.004569002155826026                          3.3560643722646656E-5
214                      3.453055428917632E-6                          0.004580841224213424                          3.430191215591272E-5
215                      3.506291569730631E-6                          0.004591832439739873                          3.503793921751527E-5
216                      3.5580843331525795E-6                         0.0046019758024053725                         3.576872490745434E-5
217                      3.608433719183476E-6                          0.004611271312209922                          3.6494269225729905E-5
218                      3.6573397278233206E-6                         0.0046197189691535205                         3.7214572172341977E-5
219                      3.704802359072114E-6                          0.004627318773236171                          3.792963374729055E-5
220                      3.7508216129298556E-6                         0.004634070724457872                          3.863945395057562E-5
221                      3.7953974893965463E-6                         0.004639974822818622                          3.9344032782197206E-5
222                      3.838529988472185E-6                          0.004645031068318423                          4.004337024215528E-5
223                      3.880219110156771E-6                          0.004649239460957274                          4.0737466330449875E-5
224                      3.920464854450308E-6                          0.004652600000735176                          4.142632104708096E-5
225                      3.959267221352792E-6                          0.004655112687652127                          4.210993439204856E-5
226                      3.996626210864224E-6                          0.004656777521708129                          4.278830636535266E-5
227                      4.031915694132003E-6                          0.004658742184174179                          4.344166367553344E-5
228                      4.064064712066268E-6                          0.004662969720970188                          4.4036185191145943E-5
229                      4.09451720946E-6                              0.0046668134110763974                         4.4617471016904716E-5
230                      4.123273186313197E-6                          0.004670273254492809                          4.518552115280978E-5
231                      4.1503326426258594E-6                         0.0046733492512194205                         4.5740335598861125E-5
232                      4.175695578397987E-6                          0.004676041401256234                          4.6281914355058756E-5
233                      4.1993619936295814E-6                         0.004678349704603248                          4.681025742140267E-5
234                      4.221331888320641E-6                          0.004680274161260462                          4.732536479789287E-5
235                      4.241605262471167E-6                          0.004681814771227879                          4.7827236484529355E-5
236                      4.260182116081158E-6                          0.004682971534505494                          4.831587248131212E-5
237                      4.277062449150615E-6                          0.004683744451093312                          4.879127278824117E-5
238                      4.292246261679538E-6                          0.00468413352099133                           4.925343740531651E-5
239                      4.305733553667927E-6                          0.004684138744199551                          4.970236633253813E-5
240                      4.3175243251157816E-6                         0.004683760120717972                          5.013805956990603E-5
241                      4.330705123912079E-6                          0.004683934297863247                          5.0561473699156214E-5
242                      4.3468415591730795E-6                         0.004685136377150214                          5.0973093933264515E-5
243                      4.362265485443297E-6                          0.004686253219006264                          5.1371783442000584E-5
244                      4.3769769027227335E-6                         0.004687284823431398                          5.1757542225364414E-5
245                      4.390975811011385E-6                          0.004688231190425613                          5.213037028335599E-5
246                      4.404262210309255E-6                          0.004689092319988912                          5.249026761597532E-5
247                      4.416836100616343E-6                          0.0046898682121212934                         5.28372342232224E-5
248                      4.428697481932648E-6                          0.004690558866822758                          5.3171270105097254E-5
249                      4.439846354258171E-6                          0.004691164284093306                          5.3492375261599845E-5
250                      4.4502827175929115E-6                         0.004691684463932936                          5.380054969273021E-5
251                      4.460006571936868E-6                          0.0046921194063416485                         5.4095793398488316E-5
252                      4.469017917290044E-6                          0.0046924691113194444                         5.437810637887419E-5
253                      4.477316753652436E-6                          0.004692733578866322                          5.464748863388781E-5
254                      4.484903081024047E-6                          0.004692912808982284                          5.490394016352918E-5
255                      4.493761379748354E-6                          0.004693361962695727                          5.516273771806428E-5
256                      4.503667980833452E-6                          0.004694041010127067                          5.542215946873186E-5
257                      4.513329441357385E-6                          0.004694718464721225                          5.567224834814799E-5
258                      4.522745761320154E-6                          0.004695394326478199                          5.59130043563127E-5
259                      4.53191694072176E-6                           0.00469606859539799                           5.614442749322598E-5
260                      4.5408429795622E-6                            0.004696741271480599                          5.636651775888785E-5
261                      4.549523877841476E-6                          0.004697412354726024                          5.657927515329831E-5
262                      4.557959635559587E-6                          0.004698081845134267                          5.6782699676457335E-5
263                      4.566150252716534E-6                          0.004698749742705328                          5.697679132836492E-5
264                      4.574095729312316E-6                          0.004699416047439205                          5.716155010902109E-5
265                      4.581796065346935E-6                          0.004700080759335899                          5.733697601842584E-5
266                      4.58925126082039E-6                           0.004700743878395411                          5.750306905657917E-5
267                      4.596461315732679E-6                          0.00470140540461774                           5.7659829223481084E-5
268                      4.603426230083803E-6                          0.004702065338002885                          5.780725651913157E-5
269                      4.610672963196409E-6                          0.004702744648269719                          5.796585044375734E-5
270                      4.6179474595406965E-6                         0.004703433225580899                          5.8125727859956866E-5
271                      4.6250748052972535E-6                         0.004704124109449227                          5.828008436039439E-5
272                      4.632055000466083E-6                          0.004704817299874701                          5.842891994506992E-5
273                      4.638888045047184E-6                          0.0047055127968573226                         5.8572234613983454E-5
274                      4.6455739390405556E-6                         0.004706210600397093                          5.871002836713496E-5
275                      4.652112682446198E-6                          0.00470691071049401                           5.884230120452449E-5
276                      4.658504275264112E-6                          0.0047076131271480744                         5.8969053126152014E-5
277                      4.664748717494298E-6                          0.004708317850359287                          5.909028413201753E-5
278                      4.670846009136754E-6                          0.004709024880127647                          5.9205994222121054E-5
279                      4.6767961501914825E-6                         0.004709734216453153                          5.931618339646256E-5
280                      4.6825991406584806E-6                         0.00471044585933581                           5.9420851655042086E-5
281                      4.688254980537751E-6                          0.004711159808775612                          5.951999899785961E-5
282                      4.693763669829293E-6                          0.004711876064772562                          5.961362542491512E-5
283                      4.699527592617183E-6                          0.004712526694950824                          5.971916998020534E-5
284                      4.705254042166775E-6                          0.00471316111543965                           5.9823946959137E-5
285                      4.710894947448108E-6                          0.004713787441816676                          5.9925872996985594E-5
286                      4.716450308461182E-6                          0.004714405674081904                          6.0024948093751124E-5
287                      4.721920125205995E-6                          0.0047150158122353306                         6.012117224943359E-5
288                      4.727304397682549E-6                          0.004715617856276959                          6.0214545464032994E-5
289                      4.732603125890843E-6                          0.004716211806206788                          6.030506773754933E-5
290                      4.737816309830876E-6                          0.004716797662024818                          6.039273906998261E-5
291                      4.7429439495026505E-6                         0.004717375423731048                          6.0477559461332815E-5
292                      4.747986044906165E-6                          0.004717945091325479                          6.0559528911599956E-5
293                      4.7529425960414205E-6                         0.00471850666480811                           6.063864742078405E-5
294                      4.757813602908415E-6                          0.004719060144178943                          6.071491498888506E-5
295                      4.762599065507151E-6                          0.004719605529437975                          6.0788331615903006E-5
296                      4.767298983837626E-6                          0.004720142820585208                          6.08588973018379E-5
297                      4.771913357899842E-6                          0.004720672017620642                          6.0926612046689716E-5
298                      4.776442187693798E-6                          0.004721193120544278                          6.099147585045848E-5
299                      4.780885473219495E-6                          0.004721706129356113                          6.105348871314419E-5
300                      4.785243214476932E-6                          0.004722211044056148                          6.111265063474681E-5
301                      4.7895154114661076E-6                         0.004722707864644385                          6.116896161526637E-5
302                      4.793702064187025E-6                          0.004723196591120822                          6.122242165470288E-5
303                      4.797803172639683E-6                          0.00472367722348546                           6.127303075305633E-5
304                      4.801818736824081E-6                          0.004724149761738299                          6.13207889103267E-5
305                      4.805748756740218E-6                          0.004724614205879337                          6.136569612651401E-5
306                      4.809593232388097E-6                          0.0047250705559085775                         6.140775240161827E-5
307                      4.813352163767715E-6                          0.004725518811826017                          6.144695773563946E-5
308                      4.817025550879073E-6                          0.004725958973631658                          6.148331212857758E-5
309                      4.820613393722172E-6                          0.004726391041325499                          6.151681558043263E-5
310                      4.824153946636577E-6                          0.004726813931770084                          6.155087296122027E-5
311                      4.827786667058368E-6                          0.004727223696352667                          6.159789683505636E-5
312                      4.83134870102329E-6                           0.004727624946137792                          6.16433922038278E-5
313                      4.834840048531343E-6                          0.00472801768112546                           6.168735906753461E-5
314                      4.838260709582527E-6                          0.004728401901315667                          6.17297974261768E-5
315                      4.8416106841768424E-6                         0.004728777606708418                          6.177070727975435E-5
316                      4.844889972314289E-6                          0.0047291447973037085                         6.181008862826727E-5
317                      4.8480985739948665E-6                         0.004729503473101543                          6.184794147171556E-5
318                      4.851236489218575E-6                          0.004729853634101917                          6.18842658100992E-5
319                      4.8543037179854145E-6                         0.004730195280304833                          6.191906164341822E-5
320                      4.857300260295386E-6                          0.00473052841171029                           6.195232897167261E-5
321                      4.860226116148487E-6                          0.00473085302831829                           6.198406779486234E-5
322                      4.863081285544721E-6                          0.004731169130128831                          6.201427811298747E-5
323                      4.865865768484085E-6                          0.004731476717141913                          6.204295992604794E-5
324                      4.86857956496658E-6                           0.004731775789357537                          6.207011323404378E-5
325                      4.871222674992207E-6                          0.004732066346775702                          6.2095738036975E-5
326                      4.873795098560964E-6                          0.00473234838939641                           6.211983433484158E-5
327                      4.876296835672852E-6                          0.004732621917219659                          6.214240212764352E-5
328                      4.878727886327872E-6                          0.004732886930245449                          6.216344141538083E-5
329                      4.881088250526023E-6                          0.00473314342847378                           6.218295219805351E-5
330                      4.883377928267304E-6                          0.004733391411904654                          6.220093447566155E-5
331                      4.885596919551717E-6                          0.004733630880538069                          6.221738824820495E-5
332                      4.887745224379262E-6                          0.0047338618343740245                         6.223231351568373E-5
333                      4.889822842749937E-6                          0.004734084273412523                          6.224571027809786E-5
334                      4.891829774663744E-6                          0.0047342981976535616                         6.225757853544737E-5
335                      4.893766020120681E-6                          0.0047345036070971435                         6.226791828773225E-5
336                      4.895631579120749E-6                          0.0047347005017432655                         6.227672953495249E-5
337                      4.897426451663949E-6                          0.00473488888159193                           6.22840122771081E-5
338                      4.899406285825107E-6                          0.004735095857655002                          6.22972033594132E-5
339                      4.901617024489683E-6                          0.004735326302091654                          6.231763926808258E-5
340                      4.9037946422294276E-6                         0.004735552215486979                          6.23376394592913E-5
341                      4.905939139044339E-6                          0.004735773597840971                          6.235720393303933E-5
342                      4.90805051493442E-6                           0.004735990449153635                          6.237633268932668E-5
343                      4.9101287698996696E-6                         0.0047362027694249674                         6.239502572815336E-5
344                      4.912173903940086E-6                          0.004736410558654972                          6.241328304951934E-5
345                      4.914185917055672E-6                          0.0047366138168436454                         6.243110465342465E-5
346                      4.916164809246426E-6                          0.0047368125439909885                         6.244849053986929E-5
347                      4.918110580512348E-6                          0.004737006740097002                          6.246544070885325E-5
348                      4.920023230853438E-6                          0.004737196405161686                          6.248195516037652E-5
349                      4.921902760269697E-6                          0.004737381539185039                          6.249803389443912E-5
350                      4.923749168761124E-6                          0.0047375621421670636                         6.251367691104103E-5
351                      4.925562456327719E-6                          0.004737738214107757                          6.252888421018227E-5
352                      4.927342622969482E-6                          0.00473790975500712                           6.254365579186283E-5
353                      4.929089668686413E-6                          0.004738076764865154                          6.255799165608271E-5
354                      4.9308035934785136E-6                         0.004738239243681858                          6.25718918028419E-5
355                      4.932484397345781E-6                          0.004738397191457232                          6.258535623214042E-5
356                      4.934132080288218E-6                          0.004738550608191275                          6.259838494397828E-5
357                      4.9357466423058225E-6                         0.00473869949388399                           6.261097793835543E-5
358                      4.937328083398595E-6                          0.0047388438485353734                         6.262313521527194E-5
359                      4.938876403566536E-6                          0.004738983672145427                          6.263485677472773E-5
360                      4.940391602809646E-6                          0.004739118964714151                          6.264614261672284E-5
361                      4.941873681127923E-6                          0.004739249726241546                          6.26569927412573E-5
362                      4.943322638521369E-6                          0.00473937595672761                           6.266740714833107E-5
363                      4.944738474989983E-6                          0.0047394976561723435                         6.267738583794416E-5
364                      4.946121190533765E-6                          0.0047396148245757485                         6.268692881009656E-5
365                      4.9474707851527165E-6                         0.004739727461937821                          6.269603606478829E-5
366                      4.948787258846835E-6                          0.004739835568258566                          6.270470760201935E-5
367                      4.950070611616122E-6                          0.00473993914353798                           6.271294342178972E-5
368                      4.951320843460577E-6                          0.004740038187776065                          6.272074352409942E-5
369                      4.952537954380202E-6                          0.004740132700972819                          6.272810790894843E-5
370                      4.953721944374993E-6                          0.004740222683128243                          6.273503657633678E-5
371                      4.954872813444953E-6                          0.004740308134242337                          6.274152952626443E-5
372                      4.955990561590082E-6                          0.004740389054315103                          6.27475867587314E-5
373                      4.957075188810378E-6                          0.004740465443346537                          6.275320827373772E-5
374                      4.9581266951058435E-6                         0.004740537301336641                          6.275839407128333E-5
375                      4.959145080476477E-6                          0.004740604628285416                          6.276314415136827E-5
376                      4.960130344922278E-6                          0.00474066742419286                           6.276745851399254E-5
377                      4.961082488443248E-6                          0.004740725689058975                          6.277133715915612E-5
378                      4.962001511039386E-6                          0.00474077942288376                           6.277478008685903E-5
379                      4.962887412710693E-6                          0.004740828625667214                          6.277778729710125E-5
380                      4.9637401934571666E-6                         0.004740873297409338                          6.278035878988279E-5
381                      4.96455985327881E-6                           0.0047409134381101335                         6.278249456520365E-5
382                      4.965346392175621E-6                          0.004740949047769598                          6.278419462306384E-5
383                      4.9660998101476E-6                            0.004740980126387732                          6.278545896346336E-5
384                      4.966820107194749E-6                          0.0047410066739645386                         6.278628758640218E-5
385                      4.9675072833170645E-6                         0.004741028690500013                          6.278668049188032E-5
386                      4.968019950503529E-6                          0.004741039348034169                          6.278689876321162E-5
387                      4.968372661892783E-6                          0.004741041522994208                          6.278728394051155E-5
388                      4.968725373282037E-6                          0.004741043697954248                          6.278766911781147E-5
389                      4.9690780846712915E-6                         0.004741045872914287                          6.27880542951114E-5
390                      4.969430796060546E-6                          0.004741048047874325                          6.278843947241133E-5
391                      4.969783507449801E-6                          0.004741050222834364                          6.278882464971125E-5
392                      4.970136218839055E-6                          0.004741052397794403                          6.278920982701118E-5
393                      4.970488930228309E-6                          0.004741054572754443                          6.278959500431109E-5
394                      4.970841641617563E-6                          0.004741056747714481                          6.278998018161102E-5
395                      4.971194353006817E-6                          0.00474105892267452                           6.279036535891095E-5
396                      4.971547064396072E-6                          0.004741061097634559                          6.279075053621087E-5
397                      4.971899775785326E-6                          0.004741063272594598                          6.279113571351078E-5
398                      4.97225248717458E-6                           0.004741065447554637                          6.279152089081071E-5
399                      4.972605198563834E-6                          0.004741067622514676                          6.279190606811064E-5
400                      4.972957909953088E-6                          0.004741069797474715                          6.279229124541056E-5
401                      4.973310621342343E-6                          0.004741071972434755                          6.279267642271049E-5
402                      4.9736633327315975E-6                         0.004741074147394793                          6.279306160001042E-5
403                      4.974016044120852E-6                          0.0047410763223548315                         6.279344677731035E-5
404                      4.974368755510106E-6                          0.004741078497314871                          6.279383195461026E-5
405                      4.97472146689936E-6                           0.00474108067227491                           6.279421713191018E-5
406                      4.975074178288615E-6                          0.004741082847234949                          6.279460230921011E-5
407                      4.975426889677869E-6                          0.004741085022194988                          6.279498748651004E-5
408                      4.975779601067123E-6                          0.004741087197155027                          6.279537266380995E-5
409                      4.976132312456377E-6                          0.004741089372115066                          6.279575784110988E-5
410                      4.976485023845631E-6                          0.004741091547075104                          6.27961430184098E-5
411                      4.976837735234886E-6                          0.0047410937220351435                         6.279652819570973E-5
412                      4.97719044662414E-6                           0.004741095896995183                          6.279691337300964E-5
413                      4.977543158013394E-6                          0.004741098071955222                          6.279729855030957E-5
414                      4.9778958694026485E-6                         0.004741100246915261                          6.27976837276095E-5
415                      4.978248580791903E-6                          0.004741102421875299                          6.279806890490942E-5
416                      4.978601292181158E-6                          0.004741104596835338                          6.279845408220935E-5
417                      4.978954003570412E-6                          0.004741106771795378                          6.279883925950928E-5
418                      4.979306714959666E-6                          0.004741108946755416                          6.27992244368092E-5
419                      4.97965942634892E-6                           0.0047411111217154555                         6.279960961410913E-5
420                      4.980012137738174E-6                          0.004741113296675495                          6.279999479140904E-5
421                      4.980364849127429E-6                          0.004741115471635533                          6.280037996870897E-5
422                      4.980717560516683E-6                          0.004741117646595572                          6.28007651460089E-5
423                      4.981070271905937E-6                          0.004741119821555611                          6.280115032330882E-5
424                      4.981422983295191E-6                          0.00474112199651565                           6.280153550060874E-5
425                      4.981775694684445E-6                          0.00474112417147569                           6.280192067790866E-5
426                      4.9821284060737E-6                            0.004741126346435728                          6.280230585520859E-5
427                      4.9824811174629545E-6                         0.0047411285213957675                         6.280269103250852E-5
428                      4.982833828852209E-6                          0.004741130696355806                          6.280307620980844E-5
429                      4.983186540241463E-6                          0.004741132871315845                          6.280346138710837E-5
430                      4.983539251630717E-6                          0.004741135046275884                          6.28038465644083E-5
431                      4.983891963019972E-6                          0.004741137221235923                          6.280423174170822E-5
432                      4.984244674409226E-6                          0.0047411393961959624                         6.280461691900814E-5
433                      4.98459738579848E-6                           0.004741141571156002                          6.280500209630806E-5
434                      4.984900861868146E-6                          0.0047411488365758725                         6.280354293640656E-5
435                      4.985151618728601E-6                          0.0047411615526563484                         6.280010893406287E-5
436                      4.985402375589057E-6                          0.004741174268736825                          6.279667493171918E-5
437                      4.985653132449512E-6                          0.004741186984817302                          6.27932409293755E-5
438                      4.985903889309968E-6                          0.00474119970089778                           6.278980692703181E-5
439                      4.986154646170424E-6                          0.004741212416978256                          6.278637292468812E-5
440                      4.986405403030879E-6                          0.004741225133058732                          6.278293892234444E-5
441                      4.986656159891334E-6                          0.004741237849139209                          6.277950492000075E-5
442                      4.98690691675179E-6                           0.004741250565219685                          6.277607091765707E-5
443                      4.987157673612245E-6                          0.004741263281300163                          6.277263691531338E-5
444                      4.987408430472701E-6                          0.0047412759973806395                         6.276920291296969E-5
445                      4.987659187333157E-6                          0.004741288713461116                          6.2765768910626E-5
446                      4.987909944193612E-6                          0.004741301429541592                          6.276233490828232E-5
447                      4.988160701054067E-6                          0.00474131414562207                           6.275890090593862E-5
448                      4.988411457914523E-6                          0.004741326861702547                          6.275546690359493E-5
449                      4.988662214774978E-6                          0.004741339577783023                          6.275203290125126E-5
450                      4.988912971635434E-6                          0.004741352293863499                          6.274859889890757E-5
451                      4.98916372849589E-6                           0.004741365009943976                          6.274516489656389E-5
452                      4.989414485356345E-6                          0.004741377726024454                          6.27417308942202E-5
453                      4.9896652422168E-6                            0.00474139044210493                           6.273829689187652E-5
454                      4.989915999077256E-6                          0.0047414031581854066                         6.273486288953282E-5
455                      4.990166755937712E-6                          0.004741415874265883                          6.273142888718913E-5
456                      4.990417512798167E-6                          0.00474142859034636                           6.272799488484544E-5
457                      4.990668269658623E-6                          0.004741441306426837                          6.272456088250176E-5
458                      4.990919026519078E-6                          0.004741454022507314                          6.272112688015807E-5
459                      4.991169783379533E-6                          0.0047414667385877905                         6.27176928778144E-5
460                      4.991420540239989E-6                          0.004741479454668266                          6.271425887547071E-5
461                      4.991671297100445E-6                          0.004741492170748744                          6.271082487312703E-5
462                      4.9919220539609E-6                            0.004741504886829221                          6.270739087078333E-5
463                      4.992172810821356E-6                          0.004741517602909697                          6.270395686843964E-5
464                      4.992423567681811E-6                          0.0047415303189901736                         6.270052286609595E-5
465                      4.992674324542266E-6                          0.004741543035070651                          6.269708886375227E-5
466                      4.9929250814027226E-6                         0.004741555751151128                          6.269365486140858E-5
467                      4.993175838263178E-6                          0.004741568467231604                          6.26902208590649E-5
468                      4.9934265951236324E-6                         0.004741581183312081                          6.268678685672121E-5
469                      4.993677351984089E-6                          0.004741593899392558                          6.268335285437752E-5
470                      4.993928108844544E-6                          0.004741606615473034                          6.267991885203384E-5
471                      4.994178865704999E-6                          0.004741619331553511                          6.267648484969015E-5
472                      4.9944296225654556E-6                         0.004741632047633988                          6.267305084734646E-5
473                      4.99468037942591E-6                           0.004741644763714465                          6.266961684500278E-5
474                      4.9949311362863654E-6                         0.0047416574797949414                         6.266618284265909E-5
475                      4.995181893146822E-6                          0.004741670195875418                          6.26627488403154E-5
476                      4.995432650007277E-6                          0.004741682911955895                          6.265931483797172E-5
477                      4.995683406867733E-6                          0.004741695628036371                          6.265588083562803E-5
478                      4.995934163728188E-6                          0.004741708344116849                          6.265244683328433E-5
479                      4.996184920588643E-6                          0.004741721060197325                          6.264901283094064E-5
480                      4.996435677449099E-6                          0.004741733776277802                          6.264557882859697E-5
