% Model:              Single sender-receiver.mph
% Version:            COMSOL 6.4.0.293
% Date:               Jul 30 2026, 11:23
% Table:              Table 1 - Point Evaluation 1
% Time (min)             Molar concentration, rS6 (mol/m^3), Point: 10 Molar concentration, rTh (mol/m^3), Point: 10 Molar concentration, rGRep6 (mol/m^3), Point: 10
0                        5.522643889854333E-49                         -3.425570356853569E-48                        -6.851140713707126E-51
1                        1.9602961377001294E-17                        9.221870260746278E-16                         1.8443729096734296E-18
2                        1.3737801569724414E-14                        4.575900081633231E-13                         9.09750835044355E-16
3                        1.6760364737519534E-13                        -8.879048262892696E-13                        -1.8209164363900055E-15
4                        6.582718222190828E-13                         -3.381826339147388E-11                        -8.534199034810872E-14
5                        1.609849026113264E-12                         -1.6631499333909072E-10                       -4.762105690190875E-13
6                        3.03512574898194E-12                          -5.28884682164077E-10                         -1.5965102565346541E-12
7                        4.8623937516785E-12                           -1.200682163151246E-9                         -3.5395111652782662E-12
8                        7.054249033813514E-12                         -2.323637055301421E-9                         -6.693826632719711E-12
9                        9.590391244528341E-12                         -3.851627659254742E-9                         -1.1149682461869282E-11
10                       1.2464144940624069E-11                        -5.5570986928604194E-9                        -1.701793007649945E-11
11                       1.5690969010203715E-11                        -6.7794880306862334E-9                        -2.445352246671044E-11
12                       1.9297271032648242E-11                        -6.454182676175513E-9                         -3.3462426327152573E-11
13                       2.3292428196718475E-11                        -4.727349128055715E-9                         -4.363125928006126E-11
14                       2.7877348347576507E-11                        -5.275551131126862E-10                        -4.945304841342815E-11
15                       3.2967674608336487E-11                        5.695328034410074E-9                          -5.3240053039861065E-11
16                       3.88391136759355E-11                          1.610714599151558E-8                          -4.8919712507349005E-11
17                       4.550336844356203E-11                         3.0799832182028225E-8                         -3.623426547211367E-11
18                       5.311985735000529E-11                         5.0932029617538894E-8                         -1.2288360076563347E-11
19                       6.199217769116835E-11                         7.87565302773399E-8                           2.8736086746976962E-11
20                       7.202629099158025E-11                         1.1257540089370353E-7                         8.336329580851686E-11
21                       8.397810175171659E-11                         1.4812409081998532E-7                         1.495566423439504E-10
22                       9.752451704653282E-11                         1.8722537812081938E-7                         2.2818663188914783E-10
23                       1.136319291987876E-10                         2.3104234478950354E-7                         3.223452963006975E-10
24                       1.3227287142138215E-10                        2.7954193372827744E-7                         4.3194475389876023E-10
25                       1.540048451082278E-10                         3.3418165267212647E-7                         5.596452780070793E-10
26                       1.797005070758925E-10                         3.969620643281103E-7                          7.092979898490842E-10
27                       2.0930401941318392E-10                        4.670456274323618E-7                          8.778008281451608E-10
28                       2.462754022506679E-10                         5.469706345774029E-7                          1.0587149240508376E-9
29                       2.8910825388401515E-10                        6.356319799710206E-7                          1.2548435916033881E-9
30                       3.378025743132256E-10                         7.330296636132152E-7                          1.4661868308028125E-9
31                       3.923583635382993E-10                         8.391636855039862E-7                          1.692744641649111E-9
32                       4.595786596213034E-10                         9.797165005248558E-7                          1.9455873651976174E-9
33                       5.432385919179132E-10                         1.1689397692522419E-6                         2.2308581347240885E-9
34                       6.379808197957497E-10                         1.38660875417612E-6                           2.5398391410072703E-9
35                       7.43805343254813E-10                          1.63272345529649E-6                           2.8725303840471626E-9
36                       8.69461759961999E-10                          1.9113337665282607E-6                         3.3004252866680775E-9
37                       1.0324293408650987E-9                         2.230530253374377E-6                          3.966347891312476E-9
38                       1.2184799091773146E-9                         2.583727172263217E-6                          4.754039016956953E-9
39                       1.427613464898647E-9                          2.970924523194779E-6                          5.66349866360151E-9
40                       1.6670425750378541E-9                         3.4044999655879035E-6                         6.714167681393239E-9
41                       1.9867870991301334E-9                         3.970293781377331E-6                          8.040870272647552E-9
42                       2.3531988498924534E-9                         4.610561508467244E-6                          9.55291066068795E-9
43                       2.766277827324814E-9                          5.325303146857642E-6                          1.1250288845514426E-8
44                       3.2260240314272166E-9                         6.114518696548526E-6                          1.3133004827126989E-8
45                       3.851120212558123E-9                          7.1939266369265544E-6                         1.58239060202409E-8
46                       4.5750642575884336E-9                         8.442652328021886E-6                          1.897398914417335E-8
47                       5.393800832012456E-9                          9.853324769496818E-6                          2.2561971791792328E-8
48                       6.307329935830188E-9                          1.1425943961351353E-5                         2.658785396309783E-8
49                       7.504999506093651E-9                          1.3693945947436956E-5                         3.182073674646091E-8
50                       8.939067816832786E-9                          1.6522831467689803E-5                         3.806670087359719E-8
51                       1.0566186344681263E-8                         1.9790477909255723E-5                         4.514967156376496E-8
52                       1.2386355089639075E-8                         2.349688527213471E-5                          5.306964881696425E-8
53                       1.4685872802013653E-8                         2.8157464719865063E-5                         6.271586497501732E-8
54                       1.7533983520157425E-8                         3.3896873277100185E-5                         7.430338922112965E-8
55                       2.077659705526276E-8                          4.0437709092040544E-5                         8.735362365957824E-8
56                       2.4413713407329655E-8                         4.777997216468612E-5                          1.0186656829036314E-7
57                       2.8842070934415318E-8                         5.6645327484980435E-5                         1.1859733657885475E-7
58                       3.452470548674266E-8                          6.787603483297338E-5                          1.3842722623260192E-7
59                       4.102013547178222E-8                          8.066904151017314E-5                          1.605159638359848E-7
60                       4.832836088953397E-8                          9.502434751657975E-5                          1.848635493890034E-7
61                       5.689728386167367E-8                          1.1143522225383759E-4                         2.1311648918498425E-7
62                       6.831437458554736E-8                          1.316499282026945E-4                          2.5111038779891735E-7
63                       8.142430874200461E-8                          1.5439612011620155E-4                         2.945982263615963E-7
64                       9.622708633104545E-8                          1.796737979943588E-4                          3.4358000487302116E-7
65                       1.1291827300144259E-7                         2.0774567943346675E-4                         3.988929787640502E-7
66                       1.3613732021038874E-7                         2.4484427787663433E-4                         4.803995622833698E-7
67                       1.6295503085832807E-7                         2.870345892681139E-4                          5.755592801734518E-7
68                       1.9337140494526053E-7                         3.3431661360790546E-4                         6.843721324342959E-7
69                       2.273864424711862E-7                          3.8669035089600894E-4                         8.068381190659021E-7
70                       2.742015986646608E-7                          4.5721727541274133E-4                         9.740146581227026E-7
71                       3.299612815484934E-7                          5.404243707498731E-4                          1.1728880763423074E-6
72                       3.935271799170856E-7                          6.346958030892079E-4                          1.3996162633073776E-6
73                       4.648992937704375E-7                          7.400315724307456E-4                          1.654199219017913E-6
74                       5.597873672579215E-7                          8.682692423998759E-4                          1.980155926835488E-6
75                       6.776795075020349E-7                          0.001019023092869702                          2.376068345994631E-6
76                       8.128145154622571E-7                          0.0011879519608300397                         2.8259768578788186E-6
77                       9.651923911385883E-7                          0.0013750558462808898                         3.329881462488051E-6
78                       1.1613666136506908E-6                         0.0015854068489655644                         3.958439776454923E-6
79                       1.418082520111206E-6                          0.0018222035712098833                         4.756210390567352E-6
80                       1.7146244711493448E-6                         0.002081489025356536                          5.668069917853558E-6
81                       2.0509924667651074E-6                         0.002363263211405522                          6.69401835831354E-6
82                       2.469921075453778E-6                          0.0026578686459402963                         7.919757733320484E-6
83                       3.0587070654626318E-6                         0.0029455773400902372                         9.520357307911281E-6
84                       3.7466693946062526E-6                         0.0032423623343423432                         1.135406981748627E-5
85                       4.53380806288464E-6                           0.0035482236286966157                         1.3420895262045445E-5
86                       5.447690386637813E-6                          0.0038537001899326875                         1.5767028979165188E-5
87                       6.686080200250099E-6                          0.004090919970448289                          1.872386946179645E-5
88                       8.116324109878365E-6                          0.004305409279386614                          2.2069125637654446E-5
89                       9.738422115522609E-6                          0.004497168116747663                          2.580279750673917E-5
90                       1.155237421718283E-5                          0.004666196482531434                          2.992488506905062E-5
91                       1.3168757063363044E-5                         0.004783724548236689                          3.405511534888844E-5
92                       1.4803761419522502E-5                         0.004865724060862988                          3.840459922438643E-5
93                       1.647197483496355E-5                          0.004913272719757505                          4.298758147763092E-5
94                       1.8050263230088092E-5                         0.0049309210454314455                         4.770687473633788E-5
95                       1.8948680456232144E-5                         0.00494047097979044                           5.209684579672755E-5
96                       1.957721832554279E-5                          0.004933401998459037                          5.6377489829775413E-5
97                       2.002149163206269E-5                          0.00493255187869397                           6.021013025167415E-5
98                       2.0301118896366403E-5                         0.004930618522381469                          6.352867727475004E-5
99                       2.0610210731490435E-5                         0.004930592251145655                          6.63653000188729E-5
100                      2.09182030669278E-5                           0.0049308370974771275                         6.896846999190247E-5
101                      2.122465322910934E-5                          0.00493146221700606                           7.124419592429722E-5
102                      2.1514174045776998E-5                         0.0049321200515246005                         7.316165015401018E-5
103                      2.1786150556646775E-5                         0.004932811789408239                          7.470781842317453E-5
104                      2.2058127067516554E-5                         0.004933503527291877                          7.625398669233885E-5
105                      2.233010357838633E-5                          0.004934195265175516                          7.78001549615032E-5
106                      2.2581976486505007E-5                         0.004934833977154467                          7.90135051564024E-5
107                      2.2822581085564624E-5                         0.004935442967481557                          8.004030685212491E-5
108                      2.306318568462424E-5                          0.004936051957808645                          8.106710854784744E-5
109                      2.330379028368386E-5                          0.004936660948135735                          8.209391024356996E-5
110                      2.352313857650372E-5                          0.004937174989498505                          8.284548988572837E-5
111                      2.3736855177835265E-5                         0.004937663874878474                          8.352415160513145E-5
112                      2.3950571779166812E-5                         0.004938152760258443                          8.420281332453454E-5
113                      2.4164288380498363E-5                         0.004938641645638411                          8.488147504393763E-5
114                      2.4368829829583258E-5                         0.004939105880403282                          8.545479186020566E-5
115                      2.45688364298067E-5                           0.004939557931521404                          8.597604161521959E-5
116                      2.4764769240697747E-5                         0.004939999037708029                          8.645051798369156E-5
117                      2.4956477998466746E-5                         0.004940428753455691                          8.687854610116378E-5
118                      2.5142132220330636E-5                         0.0049408416516834985                         8.726408670237863E-5
119                      2.532286538382373E-5                          0.004941241092966228                          8.760468720821795E-5
120                      2.5498677488946032E-5                         0.004941627077303879                          8.790034761868175E-5
121                      2.5669909130668592E-5                         0.004942001114133168                          8.816116560858171E-5
122                      2.5837730330158332E-5                         0.004942368388712422                          8.842182898681332E-5
123                      2.6001325139159347E-5                         0.00494272528495109                           8.865814720198335E-5
124                      2.616069355767163E-5                          0.00494307180284917                           8.887012025409188E-5
125                      2.6315835585695187E-5                         0.0049434079424066635                         8.905774814313884E-5
126                      2.6466751223230012E-5                         0.004943733703623569                          8.922103086912426E-5
127                      2.661344047027611E-5                          0.004944049086499885                          8.935996843204815E-5
128                      2.6755903326833474E-5                         0.004944354091035616                          8.947456083191048E-5
129                      2.6895672735609616E-5                         0.0049446510815277485                         8.958777232641996E-5
130                      2.703305674516323E-5                          0.004944940533087501                          8.970421763891475E-5
131                      2.7166904402452072E-5                         0.004945220670570378                          8.980665491022882E-5
132                      2.7297215707476146E-5                         0.004945491493976379                          8.989508414036216E-5
133                      2.7423990660235443E-5                         0.004945753003305504                          8.996950532931478E-5
134                      2.754722926072997E-5                          0.0049460051985577526                         9.002991847708665E-5
135                      2.7666931508959732E-5                         0.004946248079733125                          9.00763235836778E-5
136                      2.7783097404924717E-5                         0.00494648164683162                           9.010872064908823E-5
137                      2.7898455655963793E-5                         0.004946714038012212                          9.01587362148021E-5
138                      2.8011502932499886E-5                         0.0049469407697105                            9.020894623736975E-5
139                      2.8121775875901884E-5                         0.0049471604599951365                         9.025398025043153E-5
140                      2.8229274486169793E-5                         0.004947373108866125                          9.02938382539874E-5
141                      2.8333998763303603E-5                         0.0049475787163234634                         9.032852024803742E-5
142                      2.843594870730333E-5                          0.004947777282367153                          9.035802623258151E-5
143                      2.8535124318168963E-5                         0.004947968806997191                          9.038235620761976E-5
144                      2.8631829372812623E-5                         0.004948153464705002                          9.040338066756978E-5
145                      2.8727974270799217E-5                         0.00494833235283643                           9.043286282279825E-5
146                      2.8821905823579167E-5                         0.004948504521789298                          9.046062322967384E-5
147                      2.891362403115248E-5                          0.004948669971563603                          9.04866618881965E-5
148                      2.9003128893519156E-5                         0.004948828702159348                          9.051097879836628E-5
149                      2.9090420410679188E-5                         0.0049489807135765325                         9.053357396018316E-5
150                      2.917549858263258E-5                          0.004949126005815155                          9.055444737364712E-5
151                      2.9258363409379334E-5                         0.004949264578875217                          9.05735990387582E-5
152                      2.9340123751058084E-5                         0.004949401214339942                          9.059346909264696E-5
153                      2.9421543266207348E-5                         0.004949539205227746                          9.061573802818178E-5
154                      2.9501372126913913E-5                         0.004949673162079691                          9.063765549715222E-5
155                      2.9579610333177785E-5                         0.004949803084895779                          9.065922149955827E-5
156                      2.965625788499895E-5                          0.004949928973676011                          9.068043603539993E-5
157                      2.9731314782377424E-5                         0.0049500508284203845                         9.070129910467722E-5
158                      2.9804781025313205E-5                         0.0049501686491289                            9.072181070739011E-5
159                      2.9876656613806282E-5                         0.004950282435801559                          9.074197084353864E-5
160                      2.9946941547856667E-5                         0.004950392188438361                          9.076177951312277E-5
161                      3.0015635827464352E-5                         0.0049504979070393055                         9.078123671614251E-5
162                      3.0082739452629334E-5                         0.004950599591604391                          9.080034245259788E-5
163                      3.0148252423351627E-5                         0.004950697242133621                          9.081909672248886E-5
164                      3.021217473963122E-5                          0.0049507908586269925                         9.083749952581546E-5
165                      3.0274506401468117E-5                         0.004950880441084506                          9.085555086257768E-5
166                      3.0335247408862315E-5                         0.0049509659895061635                         9.087325073277551E-5
167                      3.0394481832955568E-5                         0.004951048046309806                          9.089060546414722E-5
168                      3.0454494837972278E-5                         0.004951141355125939                          9.090778705294237E-5
169                      3.0513215024731735E-5                         0.0049512325515128205                         9.092463959225211E-5
170                      3.057064239323396E-5                          0.00495132163547045                           9.094116308207646E-5
171                      3.0626776943478935E-5                         0.00495140860699883                           9.09573575224154E-5
172                      3.068161867546668E-5                          0.004951493466097957                          9.097322291326892E-5
173                      3.0735167589197175E-5                         0.004951576212767832                          9.098875925463704E-5
174                      3.078742368467043E-5                          0.004951656847008455                          9.100396654651975E-5
175                      3.083838696188645E-5                          0.004951735368819828                          9.101884478891706E-5
176                      3.0888057420845225E-5                         0.004951811778201949                          9.103339398182894E-5
177                      3.0936435061546756E-5                         0.004951886075154818                          9.104761412525543E-5
178                      3.0983519883991046E-5                         0.004951958259678435                          9.10615052191965E-5
179                      3.1029311888178096E-5                         0.004952028331772802                          9.107506726365219E-5
180                      3.107381107410791E-5                          0.004952096291437917                          9.108830025862244E-5
181                      3.111701744178048E-5                          0.00495216213867378                           9.11012042041073E-5
182                      3.1158930991195806E-5                         0.0049522258734803915                         9.111377910010676E-5
183                      3.120229138387592E-5                          0.004952284892014693                          9.112652591542465E-5
184                      3.124636993560931E-5                          0.004952339886836446                          9.113931140438269E-5
185                      3.1289693312589195E-5                         0.00495239225823907                           9.115186615622743E-5
186                      3.133226151481557E-5                          0.004952442006222565                          9.116419017095884E-5
187                      3.1374074542288454E-5                         0.004952489130786931                          9.117628344857694E-5
188                      3.141513239500782E-5                          0.004952533631932169                          9.118814598908175E-5
189                      3.145543507297369E-5                          0.004952575509658278                          9.119977779247323E-5
190                      3.149498257618606E-5                          0.004952614763965258                          9.121117885875141E-5
191                      3.1533774904644925E-5                         0.004952651394853109                          9.122234918791627E-5
192                      3.157181205835028E-5                          0.004952685402321831                          9.123328877996782E-5
193                      3.160909403730213E-5                          0.004952716786371425                          9.124399763490606E-5
194                      3.164562084150048E-5                          0.00495274554700189                           9.125447575273097E-5
195                      3.168139247094533E-5                          0.004952771684213226                          9.126472313344258E-5
196                      3.171640892563667E-5                          0.004952795198005433                          9.127473977704089E-5
197                      3.175067020557451E-5                          0.004952816088378512                          9.128452568352587E-5
198                      3.1784176310758845E-5                         0.004952834355332461                          9.129408085289755E-5
199                      3.181692724118968E-5                          0.004952849998867282                          9.130340528515593E-5
200                      3.184892299686701E-5                          0.004952863018982975                          9.131249898030098E-5
201                      3.188016357779083E-5                          0.0049528734156795385                         9.132136193833271E-5
202                      3.191064898396115E-5                          0.004952881188956973                          9.132999415925114E-5
203                      3.194037921537797E-5                          0.004952886338815279                          9.133839564305625E-5
204                      3.196935427204129E-5                          0.0049528888652544565                         9.134656638974807E-5
205                      3.199757415395109E-5                          0.004952888768274505                          9.135450639932656E-5
206                      3.20250388611074E-5                           0.004952886047875424                          9.136221567179174E-5
207                      3.20517483935102E-5                           0.004952880704057214                          9.13696942071436E-5
208                      3.20777027511595E-5                           0.0049528727368198765                         9.137694200538216E-5
209                      3.210290193405529E-5                          0.00495286214616341                           9.13839590665074E-5
210                      3.212734594219758E-5                          0.004952848932087814                          9.139074539051933E-5
211                      3.215103477558637E-5                          0.00495283309459309                           9.139730097741796E-5
212                      3.2173968434221655E-5                         0.004952814633679237                          9.140362582720327E-5
213                      3.219614691810344E-5                          0.004952793549346256                          9.140971993987527E-5
214                      3.2220628824987435E-5                         0.004952829817082081                          9.14167125812318E-5
215                      3.224517974290646E-5                          0.004952879622708231                          9.1423778783358E-5
216                      3.2269207509493427E-5                         0.004952931354620385                          9.143069991380816E-5
217                      3.2292712124748345E-5                         0.004952985012818546                          9.143747597258227E-5
218                      3.2315693588671216E-5                         0.004953040597302711                          9.144410695968032E-5
219                      3.233815190126203E-5                          0.004953098108072884                          9.145059287510231E-5
220                      3.236008706252078E-5                          0.004953157545129062                          9.145693371884824E-5
221                      3.238149907244749E-5                          0.0049532189084712476                         9.146312949091814E-5
222                      3.2402387931042133E-5                         0.004953282198099438                          9.146918019131197E-5
223                      3.242275363830474E-5                          0.004953347414013634                          9.147508582002975E-5
224                      3.2442596194235276E-5                         0.004953414556213836                          9.148084637707147E-5
225                      3.246191559883377E-5                          0.004953483624700043                          9.148646186243713E-5
226                      3.24807118521002E-5                           0.004953554619472258                          9.149193227612675E-5
227                      3.2498984954034586E-5                         0.004953627540530478                          9.14972576181403E-5
228                      3.251673490463692E-5                          0.004953702387874704                          9.150243788847782E-5
229                      3.253396170390719E-5                          0.004953779161504936                          9.150747308713926E-5
230                      3.2550665351845415E-5                         0.004953857861421173                          9.151236321412466E-5
231                      3.256684584845158E-5                          0.004953938487623417                          9.1517108269434E-5
232                      3.2582503193725695E-5                         0.004954021040111668                          9.15217082530673E-5
233                      3.259763738766776E-5                          0.004954105518885922                          9.152616316502453E-5
234                      3.2612248430277766E-5                         0.0049541919239461845                         9.15304730053057E-5
235                      3.262633632155572E-5                          0.0049542802552924505                         9.153463777391083E-5
236                      3.263990106150162E-5                          0.004954370512924725                          9.153865747083991E-5
237                      3.265294265011547E-5                          0.004954462696843004                          9.154253209609292E-5
238                      3.266546108739727E-5                          0.004954556807047289                          9.154626164966987E-5
239                      3.2677456373347E-5                            0.00495465284353758                           9.154984613157079E-5
240                      3.268892850796469E-5                          0.004954750806313878                          9.155328554179565E-5
241                      3.269987749125032E-5                          0.0049548506953761805                         9.155657988034444E-5
242                      3.2710303323203906E-5                         0.004954952510724489                          9.155972914721718E-5
243                      3.272020600382543E-5                          0.004955056252358804                          9.156273334241388E-5
244                      3.272970106633323E-5                          0.004955160453846858                          9.156562647079223E-5
245                      3.274237667586008E-5                          0.0049552195715674265                         9.156946463592647E-5
246                      3.2754768849972144E-5                         0.0049552775729239185                         9.157322828489916E-5
247                      3.276687758866944E-5                          0.004955334457916334                          9.157691741771029E-5
248                      3.277870289195196E-5                          0.004955390226544673                          9.158053203435985E-5
249                      3.2790244759819715E-5                         0.004955444878808936                          9.158407213484784E-5
250                      3.280150319227269E-5                          0.004955498414709122                          9.15875377191743E-5
251                      3.28124781893109E-5                           0.0049555508342452315                         9.159092878733919E-5
252                      3.2823169750934325E-5                         0.004955602137417263                          9.159424533934251E-5
253                      3.283357787714298E-5                          0.004955652324225219                          9.159748737518429E-5
254                      3.284370256793686E-5                          0.0049557013946690985                         9.16006548948645E-5
255                      3.2853543823315975E-5                         0.004955749348748901                          9.160374789838314E-5
256                      3.2863101643280313E-5                         0.004955796186464627                          9.160676638574025E-5
257                      3.287237602782988E-5                          0.004955841907816277                          9.160971035693577E-5
258                      3.2881366976964664E-5                         0.004955886512803849                          9.161257981196975E-5
259                      3.289007449068469E-5                          0.004955930001427346                          9.161537475084217E-5
260                      3.289849856898993E-5                          0.004955972373686766                          9.161809517355301E-5
261                      3.29066392118804E-5                           0.004956013629582109                          9.162074108010233E-5
262                      3.29144964193561E-5                           0.004956053769113375                          9.162331247049006E-5
263                      3.2922070191417024E-5                         0.0049560927922805646                         9.162580934471625E-5
264                      3.2929360528063176E-5                         0.0049561306990836785                         9.162823170278086E-5
265                      3.2936367429294555E-5                         0.004956167489522715                          9.163057954468392E-5
266                      3.294309089511116E-5                          0.004956203163597674                          9.163285287042543E-5
267                      3.2949530925512985E-5                         0.004956237721308558                          9.163505168000537E-5
268                      3.295568752050005E-5                          0.004956271162655365                          9.163717597342377E-5
269                      3.2961560680072335E-5                         0.004956303487638094                          9.16392257506806E-5
270                      3.296715040422985E-5                          0.004956334696256748                          9.164120101177584E-5
271                      3.2972456692972585E-5                         0.004956364788511324                          9.164310175670956E-5
272                      3.297747954630055E-5                          0.004956393764401826                          9.16449279854817E-5
273                      3.298221896421375E-5                          0.004956421623928248                          9.164667969809231E-5
274                      3.298667494671216E-5                          0.004956448367090596                          9.164835689454133E-5
275                      3.299134501090669E-5                          0.004956474022862518                          9.165009295177652E-5
276                      3.2997491368795156E-5                         0.004956498664750817                          9.165222625008657E-5
277                      3.300349423039698E-5                          0.0049565221984246045                         9.165432254783677E-5
278                      3.300935359571218E-5                          0.004956544623883878                          9.165638184502713E-5
279                      3.301506946474073E-5                          0.004956565941128639                          9.165840414165765E-5
280                      3.302064183748265E-5                          0.004956586150158888                          9.166038943772831E-5
281                      3.302607071393792E-5                          0.004956605250974626                          9.16623377332391E-5
282                      3.303135609410656E-5                          0.00495662324357585                           9.166424902819007E-5
283                      3.3036497977988564E-5                         0.0049566401279625616                         9.166612332258118E-5
284                      3.304149636558392E-5                          0.004956655904134761                          9.166796061641243E-5
285                      3.304635125689265E-5                          0.004956670572092448                          9.166976090968383E-5
286                      3.305106265191473E-5                          0.0049566841318356225                         9.16715242023954E-5
287                      3.3055630550650174E-5                         0.004956696583364284                          9.16732504945471E-5
288                      3.306005495309898E-5                          0.004956707926678433                          9.167493978613895E-5
289                      3.3064335859261145E-5                         0.004956718161778071                          9.167659207717096E-5
290                      3.306847326913668E-5                          0.004956727288663195                          9.167820736764313E-5
291                      3.307246718272557E-5                          0.004956735307333807                          9.167978565755544E-5
292                      3.307631760002782E-5                          0.004956742217789906                          9.168132694690788E-5
293                      3.308002452104344E-5                          0.004956748020031494                          9.168283123570049E-5
294                      3.308358794577241E-5                          0.004956752714058568                          9.168429852393326E-5
295                      3.3087007874214745E-5                         0.004956756299871131                          9.168572881160616E-5
296                      3.309028430637044E-5                          0.004956758777469181                          9.168712209871922E-5
297                      3.30934172422395E-5                           0.0049567601468527185                         9.168847838527242E-5
298                      3.309640668182193E-5                          0.004956760408021743                          9.168979767126577E-5
299                      3.309925262511771E-5                          0.004956759560976256                          9.169107995669929E-5
300                      3.3101955072126854E-5                         0.004956757605716257                          9.169232524157295E-5
301                      3.310451402284935E-5                          0.0049567545422417435                         9.169353352588674E-5
302                      3.310692947728522E-5                          0.004956750370552718                          9.16947048096407E-5
303                      3.3109201435434445E-5                         0.00495674509064918                           9.169583909283481E-5
304                      3.311132989729704E-5                          0.004956738702531131                          9.169693637546906E-5
305                      3.311331486287299E-5                          0.004956731206198569                          9.169799665754348E-5
306                      3.311574681990141E-5                          0.004956727875172586                          9.169915784485869E-5
307                      3.311889080357205E-5                          0.004956731076426399                          9.170048183521145E-5
308                      3.312197985071739E-5                          0.004956733960374194                          9.170178950774504E-5
309                      3.312501396133742E-5                          0.004956736527015973                          9.170308086245951E-5
310                      3.3127993135432145E-5                         0.004956738776351733                          9.17043558993548E-5
311                      3.313091737300156E-5                          0.004956740708381479                          9.170561461843094E-5
312                      3.3133786674045664E-5                         0.004956742323105206                          9.170685701968792E-5
313                      3.313660103856447E-5                          0.0049567436205229165                         9.170808310312576E-5
314                      3.313936046655796E-5                          0.004956744600634609                          9.170929286874445E-5
315                      3.314206495802614E-5                          0.004956745263440285                          9.171048631654398E-5
316                      3.314471451296902E-5                          0.004956745608939944                          9.171166344652434E-5
317                      3.3147309131386585E-5                         0.004956745637133586                          9.171282425868558E-5
318                      3.3149848813278844E-5                         0.00495674534802121                           9.171396875302765E-5
319                      3.31523335586458E-5                           0.004956744741602818                          9.171509692955057E-5
320                      3.315476336748745E-5                          0.004956743817878408                          9.171620878825433E-5
321                      3.315713823980379E-5                          0.004956742576847981                          9.171730432913895E-5
322                      3.315945817559482E-5                          0.004956741018511537                          9.171838355220439E-5
323                      3.316172317486054E-5                          0.004956739142869076                          9.17194464574507E-5
324                      3.316393323760096E-5                          0.004956736949920598                          9.172049304487784E-5
325                      3.3166088363816075E-5                         0.004956734439666103                          9.172152331448585E-5
326                      3.316818855350587E-5                          0.00495673161210559                           9.172253726627468E-5
327                      3.317023380667037E-5                          0.004956728467239061                          9.172353490024438E-5
328                      3.317222412330955E-5                          0.004956725005066514                          9.172451621639491E-5
329                      3.317415950342343E-5                          0.004956721225587951                          9.17254812147263E-5
330                      3.3176039947012E-5                            0.004956717128803369                          9.172642989523853E-5
331                      3.317786545407527E-5                          0.004956712714712771                          9.17273622579316E-5
332                      3.317963602461323E-5                          0.004956707983316157                          9.172827830280555E-5
333                      3.318135165862587E-5                          0.004956702934613525                          9.17291780298603E-5
334                      3.3183012356113214E-5                         0.0049566975686048745                         9.173006143909593E-5
335                      3.3184618117075244E-5                         0.004956691885290208                          9.17309285305124E-5
336                      3.3186168941511975E-5                         0.004956685884669525                          9.173177930410972E-5
337                      3.318766482942339E-5                          0.004956679566742825                          9.173261375988787E-5
338                      3.31891057808095E-5                           0.004956672931510106                          9.173343189784688E-5
339                      3.319049179567031E-5                          0.004956665978971372                          9.173423371798672E-5
340                      3.3191822874005807E-5                         0.0049566587091266195                         9.173501922030744E-5
341                      3.3193099015816E-5                            0.004956651121975851                          9.173578840480897E-5
342                      3.319432022110088E-5                          0.004956643217519064                          9.173654127149136E-5
343                      3.319548648986045E-5                          0.004956634995756261                          9.173727782035459E-5
344                      3.319659782209472E-5                          0.00495662645668744                           9.17379980513987E-5
345                      3.319765421780367E-5                          0.004956617600312603                          9.173870196462363E-5
346                      3.3198655676987324E-5                         0.004956608426631748                          9.17393895600294E-5
347                      3.319960219964567E-5                          0.004956598935644876                          9.174006083761603E-5
348                      3.3200493785778705E-5                         0.004956589127351987                          9.174071579738351E-5
349                      3.320133043538643E-5                          0.004956579001753081                          9.174135443933182E-5
350                      3.3202112148468854E-5                         0.0049565685588481585                         9.1741976763461E-5
351                      3.320283892502596E-5                          0.0049565577986372174                         9.1742582769771E-5
352                      3.320351076505777E-5                          0.004956546721120261                          9.174317245826187E-5
353                      3.3204127668564274E-5                         0.004956535326297286                          9.174374582893358E-5
354                      3.3204533446581385E-5                         0.00495652637563285                           9.174428598717029E-5
355                      3.3204713906520017E-5                         0.004956521039481869                          9.174479880076347E-5
356                      3.320489436645864E-5                          0.004956515703330889                          9.174531161435666E-5
357                      3.320507482639728E-5                          0.00495651036717991                           9.174582442794984E-5
358                      3.3205255286335905E-5                         0.004956505031028929                          9.174633724154303E-5
359                      3.320543574627454E-5                          0.004956499694877949                          9.174685005513621E-5
360                      3.320561620621316E-5                          0.0049564943587269705                         9.174736286872941E-5
361                      3.3205796666151794E-5                         0.00495648902257599                           9.174787568232258E-5
362                      3.3205977126090426E-5                         0.00495648368642501                           9.174838849591577E-5
363                      3.320615758602906E-5                          0.0049564783502740305                         9.174890130950896E-5
364                      3.320633804596768E-5                          0.00495647301412305                           9.174941412310215E-5
365                      3.3206518505906315E-5                         0.00495646767797207                           9.174992693669532E-5
366                      3.320669896584495E-5                          0.004956462341821091                          9.175043975028852E-5
367                      3.320687942578358E-5                          0.004956457005670111                          9.17509525638817E-5
368                      3.3207059885722204E-5                         0.004956451669519131                          9.175146537747487E-5
369                      3.3207240345660836E-5                         0.0049564463333681506                         9.175197819106806E-5
370                      3.320742080559947E-5                          0.004956440997217171                          9.175249100466126E-5
371                      3.32076012655381E-5                           0.004956435661066191                          9.175300381825444E-5
372                      3.3207781725476725E-5                         0.0049564303249152114                         9.175351663184761E-5
373                      3.320796218541536E-5                          0.004956424988764232                          9.175402944544081E-5
374                      3.320814264535399E-5                          0.004956419652613252                          9.1754542259034E-5
375                      3.3208323105292614E-5                         0.0049564143164622715                         9.175505507262718E-5
376                      3.3208503565231246E-5                         0.004956408980311292                          9.175556788622037E-5
377                      3.320868402516988E-5                          0.004956403644160312                          9.175608069981355E-5
378                      3.320886448510851E-5                          0.004956398308009332                          9.175659351340674E-5
379                      3.3209044945047135E-5                         0.004956392971858353                          9.175710632699992E-5
380                      3.3209225404985773E-5                         0.004956387635707373                          9.17576191405931E-5
381                      3.32094058649244E-5                           0.004956382299556392                          9.175813195418629E-5
382                      3.320958632486303E-5                          0.004956376963405412                          9.175864476777948E-5
383                      3.3209766784801656E-5                         0.0049563716272544335                         9.175915758137266E-5
384                      3.3209947244740294E-5                         0.004956366291103453                          9.175967039496585E-5
385                      3.321012770467892E-5                          0.004956360954952473                          9.176018320855903E-5
386                      3.321030816461755E-5                          0.0049563556188014935                         9.176069602215223E-5
387                      3.3210488624556176E-5                         0.004956350282650513                          9.17612088357454E-5
388                      3.3210669084494815E-5                         0.004956344946499533                          9.176172164933858E-5
389                      3.321084954443344E-5                          0.004956339610348554                          9.176223446293178E-5
390                      3.321103000437207E-5                          0.004956334274197574                          9.176274727652497E-5
391                      3.32112104643107E-5                           0.004956328938046594                          9.176326009011814E-5
392                      3.321139092424933E-5                          0.004956323601895614                          9.176377290371134E-5
393                      3.321157138418796E-5                          0.004956318265744634                          9.176428571730452E-5
394                      3.321175184412659E-5                          0.004956312929593654                          9.17647985308977E-5
395                      3.321193230406522E-5                          0.004956307593442674                          9.176531134449089E-5
396                      3.321211276400385E-5                          0.004956302257291695                          9.176582415808408E-5
397                      3.321229322394248E-5                          0.004956296921140715                          9.176633697167726E-5
398                      3.3212473683881114E-5                         0.004956291584989734                          9.176684978527045E-5
399                      3.321265414381974E-5                          0.004956286248838755                          9.176736259886363E-5
400                      3.321283460375837E-5                          0.004956280912687775                          9.176787541245682E-5
401                      3.3213015063697E-5                            0.004956275576536795                          9.176838822605E-5
402                      3.321316048546518E-5                          0.004956269976555467                          9.176873625273752E-5
403                      3.321325889192621E-5                          0.004956264022558368                          9.176886316322848E-5
404                      3.321335729838724E-5                          0.0049562580685612685                         9.176899007371945E-5
405                      3.321345570484827E-5                          0.00495625211456417                           9.17691169842104E-5
406                      3.3213554111309295E-5                         0.004956246160567071                          9.176924389470137E-5
407                      3.321365251777033E-5                          0.004956240206569973                          9.176937080519233E-5
408                      3.3213750924231354E-5                         0.0049562342525728735                         9.17694977156833E-5
409                      3.321384933069238E-5                          0.004956228298575774                          9.176962462617425E-5
410                      3.321394773715341E-5                          0.004956222344578676                          9.176975153666522E-5
411                      3.321404614361443E-5                          0.004956216390581577                          9.176987844715618E-5
412                      3.321414455007546E-5                          0.004956210436584479                          9.177000535764716E-5
413                      3.321424295653649E-5                          0.004956204482587379                          9.177013226813812E-5
414                      3.321434136299752E-5                          0.004956198528590281                          9.177025917862908E-5
415                      3.3214439769458544E-5                         0.004956192574593182                          9.177038608912004E-5
416                      3.321453817591958E-5                          0.004956186620596083                          9.177051299961101E-5
417                      3.3214636582380604E-5                         0.0049561806665989845                         9.177063991010197E-5
418                      3.321473498884163E-5                          0.004956174712601885                          9.177076682059293E-5
419                      3.321483339530266E-5                          0.004956168758604787                          9.177089373108389E-5
420                      3.321493180176369E-5                          0.004956162804607688                          9.177102064157486E-5
421                      3.3215030208224715E-5                         0.004956156850610589                          9.177114755206582E-5
422                      3.321512861468575E-5                          0.00495615089661349                           9.177127446255678E-5
423                      3.3215227021146774E-5                         0.004956144942616391                          9.177140137304774E-5
424                      3.32153254276078E-5                           0.004956138988619293                          9.177152828353871E-5
425                      3.321542383406883E-5                          0.004956133034622194                          9.177165519402967E-5
426                      3.321552224052985E-5                          0.0049561270806250945                         9.177178210452065E-5
427                      3.3215620646990886E-5                         0.004956121126627997                          9.177190901501159E-5
428                      3.321571905345191E-5                          0.004956115172630898                          9.177203592550256E-5
429                      3.321581745991294E-5                          0.0049561092186338                            9.177216283599352E-5
430                      3.321591586637397E-5                          0.0049561032646367005                         9.17722897464845E-5
431                      3.3216014272835E-5                            0.004956097310639602                          9.177241665697544E-5
432                      3.3216112679296024E-5                         0.004956091356642503                          9.177254356746642E-5
433                      3.321621108575706E-5                          0.004956085402645404                          9.177267047795738E-5
434                      3.321630949221808E-5                          0.0049560794486483055                         9.177279738844835E-5
435                      3.321640789867911E-5                          0.004956073494651206                          9.177292429893931E-5
436                      3.321650630514014E-5                          0.004956067540654108                          9.177305120943027E-5
437                      3.321660471160117E-5                          0.004956061586657009                          9.177317811992123E-5
438                      3.3216703118062195E-5                         0.00495605563265991                           9.17733050304122E-5
439                      3.321680152452322E-5                          0.004956049678662811                          9.177343194090316E-5
440                      3.321689993098425E-5                          0.004956043724665712                          9.177355885139412E-5
441                      3.321699833744528E-5                          0.004956037770668614                          9.177368576188508E-5
442                      3.3217096743906306E-5                         0.004956031816671515                          9.177381267237605E-5
443                      3.321719515036733E-5                          0.004956025862674416                          9.177393958286701E-5
444                      3.321729355682836E-5                          0.004956019908677317                          9.177406649335797E-5
445                      3.321739196328939E-5                          0.004956013954680218                          9.177419340384895E-5
446                      3.321749036975042E-5                          0.00495600800068312                           9.17743203143399E-5
447                      3.3217588776211444E-5                         0.004956002046686021                          9.177444722483086E-5
448                      3.321768718267248E-5                          0.004955996092688922                          9.177457413532184E-5
449                      3.32177855891335E-5                           0.004955990138691823                          9.17747010458128E-5
450                      3.321787130452764E-5                          0.004955984201393286                          9.177481242889912E-5
451                      3.321793999065341E-5                          0.004955978286501397                          9.177490297683086E-5
452                      3.321800867677917E-5                          0.004955972371609508                          9.17749935247626E-5
453                      3.321807736290494E-5                          0.00495596645671762                           9.177508407269433E-5
454                      3.3218146049030704E-5                         0.004955960541825731                          9.177517462062606E-5
455                      3.3218214735156475E-5                         0.004955954626933843                          9.17752651685578E-5
456                      3.321828342128224E-5                          0.004955948712041954                          9.177535571648953E-5
457                      3.3218352107408E-5                            0.004955942797150066                          9.177544626442127E-5
458                      3.3218420793533765E-5                         0.004955936882258176                          9.177553681235301E-5
459                      3.321848947965953E-5                          0.0049559309673662885                         9.177562736028474E-5
460                      3.32185581657853E-5                           0.0049559250524744                            9.177571790821647E-5
461                      3.321862685191106E-5                          0.004955919137582511                          9.177580845614821E-5
462                      3.3218695538036826E-5                         0.004955913222690622                          9.177589900407995E-5
463                      3.3218764224162597E-5                         0.004955907307798733                          9.177598955201168E-5
464                      3.321883291028835E-5                          0.0049559013929068455                         9.177608009994343E-5
465                      3.3218901596414124E-5                         0.004955895478014956                          9.177617064787515E-5
466                      3.321897028253989E-5                          0.004955889563123068                          9.177626119580688E-5
467                      3.321903896866565E-5                          0.004955883648231179                          9.177635174373862E-5
468                      3.321910765479142E-5                          0.004955877733339291                          9.177644229167037E-5
469                      3.3219176340917185E-5                         0.004955871818447402                          9.17765328396021E-5
470                      3.3219245027042955E-5                         0.004955865903555513                          9.177662338753382E-5
471                      3.321931371316872E-5                          0.004955859988663625                          9.177671393546557E-5
472                      3.321938239929448E-5                          0.004955854073771736                          9.17768044833973E-5
473                      3.3219451085420246E-5                         0.004955848158879847                          9.177689503132904E-5
474                      3.321951977154601E-5                          0.0049558422439879585                         9.177698557926078E-5
475                      3.321958845767178E-5                          0.004955836329096071                          9.177707612719251E-5
476                      3.321965714379754E-5                          0.004955830414204182                          9.177716667512424E-5
477                      3.321972582992331E-5                          0.004955824499312293                          9.177725722305598E-5
478                      3.321979451604908E-5                          0.004955818584420404                          9.177734777098772E-5
479                      3.3219863202174834E-5                         0.0049558126695285155                         9.177743831891945E-5
480                      3.3219931888300604E-5                         0.004955806754636628                          9.177752886685119E-5
