% Model:              Single sender-receiver.mph
% Version:            COMSOL 6.4.0.293
% Date:               Jul 30 2026, 11:22
% Table:              Table 1 - Point Evaluation 1
% Time (min)             Molar concentration, rS6 (mol/m^3), Point: 10 Molar concentration, rTh (mol/m^3), Point: 10 Molar concentration, rGRep6 (mol/m^3), Point: 10
0                        -3.703561811864098E-42                        2.0712618294662864E-41                        4.1425236589325727E-44
1                        9.492396700482616E-14                         -1.739014627463146E-11                        -3.4628204400654276E-14
2                        2.3561121514533153E-12                        -1.2489699928782484E-9                        -2.4865572619743165E-12
3                        7.954563218278404E-12                         -7.936224915013596E-9                         -1.6027413283212077E-11
4                        1.5646936337777017E-11                        -2.356551098146546E-8                         -4.7749339601964854E-11
5                        2.463430841096843E-11                         -4.8614416028453016E-8                        -1.007298763530427E-10
6                        3.4886724497844323E-11                        -7.922764717788638E-8                         -1.6907013190663366E-10
7                        4.68621064016968E-11                          -1.1013037074040473E-7                        -2.4201730361357E-10
8                        6.120623764544272E-11                         -1.3245802436395157E-7                        -3.1012847635517447E-10
9                        7.886972951678487E-11                         -1.474103057413138E-7                         -3.659218572362347E-10
10                       1.0136568784660684E-10                        -1.3762566353825435E-7                        -3.9398769111512823E-10
11                       1.2887707331533977E-10                        -1.0113405548317504E-7                        -3.924803280374517E-10
12                       1.6456178872723698E-10                        -3.795799394649519E-8                         -3.640989608330903E-10
13                       2.1027099128912521E-10                        5.2389701688932284E-8                         -3.099176850963829E-10
14                       2.6759785477485084E-10                        1.672372753384948E-7                          -2.2805530470865829E-10
15                       3.4575145650690024E-10                        2.994977936757642E-7                          -1.1522289457794496E-10
16                       4.4032609316360134E-10                        4.525617077311032E-7                          2.7006094699675335E-11
17                       5.755078779679221E-10                         6.790066111587878E-7                          2.9304242101771167E-10
18                       7.422094518377937E-10                         9.590777186899807E-7                          6.474134786590176E-10
19                       9.692118456346978E-10                         1.3073793116660548E-6                         1.1740140073857414E-9
20                       1.265246319230319E-9                          1.728453945243388E-6                          1.8983615194954118E-9
21                       1.6481447908733649E-9                         2.237573783167441E-6                          2.8683931885345062E-9
22                       2.173897929058057E-9                          2.876319269632438E-6                          4.239068363471729E-9
23                       2.8218454833560044E-9                         3.626943881988296E-6                          5.95608216779097E-9
24                       3.760822598341284E-9                          4.564160929171682E-6                          8.5472934013019E-9
25                       4.921659773242388E-9                          5.657361367709013E-6                          1.1796445373178741E-8
26                       6.548643554066743E-9                          7.21962221910429E-6                           1.6341178660852165E-8
27                       8.662337451543705E-9                          9.27729762686658E-6                           2.223516846285346E-8
28                       1.1463791448792713E-8                         1.2156123572272176E-5                         2.983278684685899E-8
29                       1.5313096002159418E-8                         1.6413893543554418E-5                         3.983285939594992E-8
30                       2.0154761734510458E-8                         2.1952581242798012E-5                         5.2062174852083384E-8
31                       2.7235263852798687E-8                         3.059952642709095E-5                          6.837797349297034E-8
32                       3.602028689531635E-8                          4.157141958449174E-5                          8.798412861592791E-8
33                       4.8806573644691865E-8                         5.6857279651226866E-5                         1.1343664982556758E-7
34                       6.537890808640095E-8                          7.627072583990223E-5                          1.4449602654005533E-7
35                       8.812973705150248E-8                          1.0159597170399044E-4                         1.878073572927384E-7
36                       1.1961747798716085E-7                         1.3477723412701523E-4                         2.4997521484303164E-7
37                       1.6035200031179016E-7                         1.7643901895378702E-4                         3.3223439666831166E-7
38                       2.2070477279211052E-7                         2.35626557089777E-4                           4.609591592293168E-7
39                       2.960039262336643E-7                          3.082653884392633E-4                          6.242691142168208E-7
40                       4.105719356163799E-7                          4.135024198456114E-4                          8.75070863512144E-7
41                       5.585140626401767E-7                          5.466972516294796E-4                          1.2005420864964223E-6
42                       7.687333053827617E-7                          7.270631281211715E-4                          1.652109264426681E-6
43                       1.0593195325079878E-6                         9.667504524909329E-4                          2.262364029510763E-6
44                       1.4445141870055417E-6                         0.0012647978676725053                         3.0528195085103978E-6
45                       2.0118398926810054E-6                         0.001646768286257554                          4.168079187115061E-6
46                       2.7195840711444874E-6                         0.0021004786297574543                         5.539226207374146E-6
47                       3.829277054089152E-6                          0.002592494287109011                          7.559587794676919E-6
48                       5.24454051656452E-6                           0.003135136474703381                          1.008421625253626E-5
49                       7.378435833580767E-6                          0.0036478444558738204                         1.3559755569318168E-5
50                       1.036256627628779E-5                          0.004105021263863523                          1.8128949267858112E-5
51                       1.4310003468294047E-5                         0.004496956430334075                          2.380983461888751E-5
52                       1.9745762316239933E-5                         0.004747657557165348                          3.094937627853037E-5
53                       2.5908010477093328E-5                         0.004900096972697701                          3.9114613161147377E-5
54                       3.114203089189424E-5                          0.004968476045187968                          4.744805464271193E-5
55                       3.517476865755388E-5                          0.004967150170604584                          5.597538740201356E-5
56                       3.6614241826741776E-5                         0.004959986825758519                          6.355282954499413E-5
57                       3.7706384478343986E-5                         0.004960573998174009                          6.938677422682549E-5
58                       3.875344727409329E-5                          0.004961626060632736                          7.395358810348972E-5
59                       3.974856245331334E-5                          0.004962695376776316                          7.785911731256423E-5
60                       4.066504066935079E-5                          0.004963652230915395                          8.089139686715673E-5
61                       4.1529442232343113E-5                         0.004964516147095995                          8.340251903803895E-5
62                       4.236280449472783E-5                          0.004965324217972793                          8.560723133748217E-5
63                       4.3155493219309655E-5                         0.004966056975044857                          8.743036665331102E-5
64                       4.391581284821032E-5                          0.00496672979536484                           8.894983273947517E-5
65                       4.464310696377951E-5                          0.004967342654337339                          9.019254706048015E-5
66                       4.533621888649791E-5                          0.00496789550862256                           9.120594112565576E-5
67                       4.599589406227007E-5                          0.004968388386151722                          9.195944672333557E-5
68                       4.662835973840945E-5                          0.004968833893777087                          9.254220363287578E-5
69                       4.723883209966528E-5                          0.004969242591488837                          9.302887880328653E-5
70                       4.7823097133578266E-5                         0.004969605948160805                          9.335915085628983E-5
71                       4.8387897722193996E-5                         0.004969944652483363                          9.362054461602883E-5
72                       4.8935182804408985E-5                         0.004970264684242767                          9.383835794965175E-5
73                       4.946225342686935E-5                          0.004970557762438418                          9.397755755595679E-5
74                       4.9974701298094994E-5                         0.004970835857484352                          9.410030389893599E-5
75                       5.0472106688856175E-5                         0.0049710980708479215                         9.420193104087512E-5
76                       5.095327422847687E-5                          0.004971341843547042                          9.426915059315358E-5
77                       5.1422573737885946E-5                         0.004971574779084786                          9.433755824272547E-5
78                       5.187854186259983E-5                          0.004971794331219445                          9.439523379676197E-5
79                       5.232097086699818E-5                          0.004972000070520165                          9.443992576556559E-5
80                       5.275483974881871E-5                          0.004972198150690849                          9.449153953769438E-5
81                       5.317770001875623E-5                          0.0049723855455645885                         9.454028636979731E-5
82                       5.3589551676810765E-5                         0.004972562255141382                          9.458616626187438E-5
83                       5.399039472298229E-5                          0.004972728279421232                          9.46291792139256E-5
84                       5.438022915727083E-5                          0.004972883618404136                          9.466932522595097E-5
85                       5.474540231207392E-5                          0.004973011036458647                          9.470525255099568E-5
86                       5.507444189463281E-5                          0.004973093966789625                          9.473697797997755E-5
87                       5.54034814771917E-5                           0.004973176897120604                          9.476870340895943E-5
88                       5.573252105975059E-5                          0.004973259827451583                          9.480042883794129E-5
89                       5.606156064230948E-5                          0.004973342757782561                          9.483215426692316E-5
90                       5.639060022486837E-5                          0.00497342568811354                           9.486387969590503E-5
91                       5.6697206799074694E-5                         0.004973521206245314                          9.489213131621005E-5
92                       5.6986173194877845E-5                         0.0049736266227843025                         9.491765130980519E-5
93                       5.7275139590681E-5                            0.004973732039323291                          9.494317130340034E-5
94                       5.756410598648415E-5                          0.00497383745586228                           9.49686912969955E-5
95                       5.78530723822873E-5                           0.004973942872401269                          9.499421129059063E-5
96                       5.814203877809045E-5                          0.004974048288940257                          9.501973128418579E-5
97                       5.838090844644476E-5                          0.004974104594151956                          9.503982609338487E-5
98                       5.8608950521978345E-5                         0.00497415028474905                           9.505874833721672E-5
99                       5.883699259751194E-5                          0.004974195975346145                          9.507767058104859E-5
100                      5.906503467304554E-5                          0.004974241665943239                          9.509659282488044E-5
101                      5.9293076748579134E-5                         0.004974287356540333                          9.511551506871229E-5
102                      5.952111882411272E-5                          0.004974333047137428                          9.513443731254416E-5
103                      5.9749160899646315E-5                         0.004974378737734522                          9.515335955637601E-5
104                      5.997720297517991E-5                          0.004974424428331616                          9.517228180020786E-5
105                      6.020524505071351E-5                          0.0049744701189287106                         9.519120404403972E-5
106                      6.043328712624709E-5                          0.0049745158095258046                         9.521012628787158E-5
107                      6.066132920178069E-5                          0.0049745615001228986                         9.522904853170343E-5
108                      6.087288775524001E-5                          0.0049746245144696565                         9.524622027714553E-5
109                      6.10534586301507E-5                           0.004974720096054372                          9.526010122823205E-5
110                      6.123402950506142E-5                          0.004974815677639088                          9.527398217931857E-5
111                      6.141460037997212E-5                          0.004974911259223803                          9.528786313040509E-5
112                      6.159517125488282E-5                          0.004975006840808519                          9.530174408149163E-5
113                      6.177574212979352E-5                          0.004975102422393235                          9.531562503257814E-5
114                      6.195631300470421E-5                          0.004975198003977952                          9.532950598366467E-5
115                      6.213688387961493E-5                          0.004975293585562667                          9.534338693475119E-5
116                      6.231745475452561E-5                          0.004975389167147383                          9.535726788583771E-5
117                      6.249802562943631E-5                          0.0049754847487320985                         9.537114883692424E-5
118                      6.267859650434703E-5                          0.004975580330316814                          9.538502978801077E-5
119                      6.285916737925771E-5                          0.0049756759119015306                         9.539891073909728E-5
120                      6.300743521366045E-5                          0.004975754197957341                          9.5410154986987E-5
121                      6.315096922178015E-5                          0.004975829949452069                          9.542101284106679E-5
122                      6.329450322989984E-5                          0.004975905700946797                          9.543187069514657E-5
123                      6.343803723801952E-5                          0.004975981452441525                          9.544272854922637E-5
124                      6.358157124613922E-5                          0.004976057203936253                          9.545358640330617E-5
125                      6.37251052542589E-5                           0.004976132955430981                          9.546444425738596E-5
126                      6.386863926237859E-5                          0.004976208706925709                          9.547530211146576E-5
127                      6.401217327049827E-5                          0.004976284458420437                          9.548615996554554E-5
128                      6.415570727861795E-5                          0.004976360209915166                          9.549701781962534E-5
129                      6.429924128673765E-5                          0.004976435961409894                          9.550787567370513E-5
130                      6.444277529485733E-5                          0.004976511712904622                          9.551873352778493E-5
131                      6.458192321089576E-5                          0.00497658806580769                           9.552908666218767E-5
132                      6.471311332697758E-5                          0.0049766655098614125                         9.553852407066633E-5
133                      6.48424429277939E-5                           0.004976743209023643                          9.554774738453719E-5
134                      6.496991201334476E-5                          0.004976821163294376                          9.555675660380025E-5
135                      6.509552058363014E-5                          0.004976899372673616                          9.556555172845551E-5
136                      6.521926863865004E-5                          0.0049769778371613616                         9.557413275850294E-5
137                      6.534115617840446E-5                          0.004977056556757612                          9.558249969394258E-5
138                      6.546118320289342E-5                          0.004977135531462369                          9.55906525347744E-5
139                      6.557934971211688E-5                          0.004977214761275631                          9.559859128099842E-5
140                      6.569565570607489E-5                          0.004977294246197398                          9.560631593261462E-5
141                      6.58101011847674E-5                           0.00497737398622767                           9.561382648962302E-5
142                      6.592268614819444E-5                          0.004977453981366448                          9.562112295202361E-5
143                      6.603341059635601E-5                          0.004977534231613731                          9.56282053198164E-5
144                      6.614227452925209E-5                          0.004977614736969521                          9.563507359300138E-5
145                      6.62492779468827E-5                           0.0049776954974338145                         9.564172777157856E-5
146                      6.635442084924783E-5                          0.0049777765130066135                         9.564816785554792E-5
147                      6.64577032363475E-5                           0.00497785778368792                           9.565439384490949E-5
148                      6.655912510818167E-5                          0.004977939309477731                          9.566040573966322E-5
149                      6.665868646475037E-5                          0.004978021090376046                          9.566620353980917E-5
150                      6.67563873060536E-5                           0.004978103126382869                          9.56717872453473E-5
151                      6.685222763209133E-5                          0.004978185417498194                          9.567715685627763E-5
152                      6.69462074428636E-5                           0.004978267963722026                          9.568231237260014E-5
153                      6.703832673837041E-5                          0.004978350765054365                          9.568725379431486E-5
154                      6.712920813019705E-5                          0.004978427095388929                          9.569254963648274E-5
155                      6.721908524750638E-5                          0.0049784944308173705                         9.569841322905281E-5
156                      6.730722089971257E-5                          0.004978560735249042                          9.570417143332877E-5
157                      6.739361508681567E-5                          0.004978626008683944                          9.570982424931062E-5
158                      6.74782678088156E-5                           0.0049786902511220745                         9.571537167699838E-5
159                      6.756117906571245E-5                          0.004978753462563436                          9.572081371639202E-5
160                      6.764234885750616E-5                          0.004978815643008028                          9.572615036749157E-5
161                      6.772177718419674E-5                          0.004978876792455849                          9.573138163029702E-5
162                      6.77994640457842E-5                           0.0049789369109069                            9.573650750480835E-5
163                      6.787540944226854E-5                          0.004978995998361181                          9.57415279910256E-5
164                      6.794961337364976E-5                          0.004979054054818691                          9.574644308894873E-5
165                      6.802207583992786E-5                          0.004979111080279433                          9.575125279857775E-5
166                      6.809279684110284E-5                          0.004979167074743404                          9.575595711991268E-5
167                      6.81617763771747E-5                           0.004979222038210605                          9.57605560529535E-5
168                      6.822901444814342E-5                          0.004979275970681036                          9.576504959770022E-5
169                      6.829451105400901E-5                          0.004979328872154696                          9.576943775415284E-5
170                      6.83582661947715E-5                           0.004979380742631587                          9.577372052231135E-5
171                      6.842027987043087E-5                          0.004979431582111707                          9.577789790217576E-5
172                      6.848055208098712E-5                          0.004979481390595058                          9.578196989374607E-5
173                      6.853908282644022E-5                          0.004979530168081639                          9.578593649702227E-5
174                      6.859587210679023E-5                          0.004979577914571449                          9.578979771200436E-5
175                      6.86509199220371E-5                           0.004979624630064489                          9.579355353869236E-5
176                      6.870422627218084E-5                          0.004979670314560759                          9.579720397708626E-5
177                      6.875896144090715E-5                          0.004979709595530341                          9.580101168122231E-5
178                      6.881557154825805E-5                          0.004979741716954687                          9.580501361158778E-5
179                      6.887098434430177E-5                          0.0049797718852305425                         9.580895523612021E-5
180                      6.892519982903838E-5                          0.0049798001003579125                         9.581283655481962E-5
181                      6.89782180024678E-5                           0.004979826362336791                          9.5816657567686E-5
182                      6.90300388645901E-5                           0.004979850671167182                          9.582041827471937E-5
183                      6.908066241540523E-5                          0.004979873026849086                          9.58241186759197E-5
184                      6.913008865491321E-5                          0.004979893429382499                          9.582775877128702E-5
185                      6.917831758311404E-5                          0.004979911878767425                          9.583133856082129E-5
186                      6.922534920000774E-5                          0.004979928375003862                          9.583485804452255E-5
187                      6.927118350559426E-5                          0.00497994291809181                           9.583831722239078E-5
188                      6.931582049987366E-5                          0.004979955508031271                          9.584171609442599E-5
189                      6.935926018284589E-5                          0.004979966144822242                          9.584505466062817E-5
190                      6.940150255451097E-5                          0.0049799748284647255                         9.584833292099732E-5
191                      6.94425476148689E-5                           0.004979981558958719                          9.585155087553346E-5
192                      6.948239536391969E-5                          0.004979986336304225                          9.585470852423656E-5
193                      6.952104580166331E-5                          0.004979989160501243                          9.585780586710663E-5
194                      6.955849892809982E-5                          0.0049799900315497725                         9.586084290414368E-5
195                      6.959475474322913E-5                          0.0049799889494498125                         9.586381963534771E-5
196                      6.962981324705132E-5                          0.004979985914201365                          9.58667360607187E-5
197                      6.966367443956636E-5                          0.004979980925804427                          9.586959218025668E-5
198                      6.969633832077423E-5                          0.004979973984259002                          9.587238799396163E-5
199                      6.972780489067498E-5                          0.004979965089565089                          9.587512350183356E-5
200                      6.976089393452049E-5                          0.004979967489839223                          9.587776814019332E-5
201                      6.979546161038282E-5                          0.004979980509272981                          9.588032346814491E-5
202                      6.982927086392367E-5                          0.004979993637577839                          9.588281373314162E-5
203                      6.986232169514305E-5                          0.0049800068747538                            9.58852389351834E-5
204                      6.989461410404095E-5                          0.004980020220800861                          9.588759907427028E-5
205                      6.992614809061737E-5                          0.004980033675719023                          9.588989415040223E-5
206                      6.995692365487233E-5                          0.004980047239508288                          9.589212416357929E-5
207                      6.998694079680582E-5                          0.004980060912168653                          9.589428911380142E-5
208                      7.001619951641785E-5                          0.004980074693700119                          9.589638900106865E-5
209                      7.004469981370837E-5                          0.004980088584102687                          9.589842382538097E-5
210                      7.007244168867743E-5                          0.004980102583376355                          9.590039358673838E-5
211                      7.009942514132501E-5                          0.004980116691521126                          9.590229828514085E-5
212                      7.012565017165113E-5                          0.0049801309085369975                         9.590413792058844E-5
213                      7.015111677965577E-5                          0.004980145234423972                          9.59059124930811E-5
214                      7.017582496533893E-5                          0.004980159669182045                          9.590762200261885E-5
215                      7.019977472870064E-5                          0.0049801742128112204                         9.59092664492017E-5
216                      7.022296606974085E-5                          0.004980188865311498                          9.591084583282961E-5
217                      7.024539898845958E-5                          0.004980203626682875                          9.591236015350264E-5
218                      7.026707348485685E-5                          0.004980218496925355                          9.591380941122073E-5
219                      7.028798955893265E-5                          0.004980233476038935                          9.591519360598393E-5
220                      7.030814721068696E-5                          0.0049802485640236165                         9.59165127377922E-5
221                      7.032754644011982E-5                          0.004980263760879399                          9.591776680664557E-5
222                      7.034618724723118E-5                          0.004980279066606284                          9.591895581254403E-5
223                      7.036695349775534E-5                          0.004980291314931225                          9.592036294387866E-5
224                      7.03892375963774E-5                           0.00498030117294931                           9.592192853631155E-5
225                      7.041117372532067E-5                          0.004980310689191603                          9.592346937121088E-5
226                      7.043276188458517E-5                          0.004980319863658101                          9.592498544857663E-5
227                      7.045400207417091E-5                          0.004980328696348805                          9.59264767684088E-5
228                      7.047489429407788E-5                          0.004980337187263716                          9.59279433307074E-5
229                      7.049543854430608E-5                          0.004980345336402834                          9.592938513547243E-5
230                      7.051563482485551E-5                          0.004980353143766158                          9.593080218270387E-5
231                      7.053548313572617E-5                          0.004980360609353687                          9.593219447240178E-5
232                      7.055498347691806E-5                          0.004980367733165423                          9.593356200456609E-5
233                      7.057413584843118E-5                          0.004980374515201365                          9.593490477919682E-5
234                      7.059294025026554E-5                          0.004980380955461513                          9.593622279629397E-5
235                      7.061139668242113E-5                          0.004980387053945868                          9.593751605585757E-5
236                      7.062950514489793E-5                          0.00498039281065443                           9.593878455788758E-5
237                      7.064726563769599E-5                          0.004980398225587197                          9.594002830238403E-5
238                      7.066467816081528E-5                          0.00498040329874417                           9.59412472893469E-5
239                      7.068174271425578E-5                          0.00498040803012535                           9.59424415187762E-5
240                      7.069845929801753E-5                          0.004980412419730736                          9.594361099067191E-5
241                      7.07148279121005E-5                           0.004980416467560328                          9.594475570503409E-5
242                      7.07308485565047E-5                           0.004980420173614127                          9.594587566186266E-5
243                      7.074652123123012E-5                          0.004980423537892131                          9.594697086115765E-5
244                      7.076184593627679E-5                          0.0049804265603943425                         9.594804130291909E-5
245                      7.077682267164469E-5                          0.00498042924112076                           9.594908698714695E-5
246                      7.079145143733381E-5                          0.004980431580071384                          9.595010791384125E-5
247                      7.080573223334417E-5                          0.004980433577246214                          9.595110408300195E-5
248                      7.081966505967576E-5                          0.00498043523264525                           9.59520754946291E-5
249                      7.083324991632858E-5                          0.004980436546268492                          9.595302214872267E-5
250                      7.084648680330263E-5                          0.00498043751811594                           9.595394404528266E-5
251                      7.085937572059791E-5                          0.004980438148187596                          9.59548411843091E-5
252                      7.087191666821443E-5                          0.004980438436483457                          9.595571356580193E-5
253                      7.088410964615216E-5                          0.004980438383003524                          9.59565611897612E-5
254                      7.089595465441114E-5                          0.0049804379877477975                         9.595738405618691E-5
255                      7.090745169299136E-5                          0.004980437250716278                          9.595818216507903E-5
256                      7.091860076189279E-5                          0.004980436171908964                          9.59589555164376E-5
257                      7.092940186111547E-5                          0.004980434751325856                          9.595970411026257E-5
258                      7.093985499065936E-5                          0.004980432988966955                          9.596042794655399E-5
259                      7.094996015052449E-5                          0.0049804308848322605                         9.596112702531183E-5
260                      7.095971734071085E-5                          0.004980428438921772                          9.596180134653608E-5
261                      7.096912656121845E-5                          0.004980425651235488                          9.596245091022677E-5
262                      7.097818781204727E-5                          0.004980422521773412                          9.59630757163839E-5
263                      7.098690109319732E-5                          0.0049804190505355435                         9.596367576500744E-5
264                      7.099526640466861E-5                          0.004980415237521879                          9.596425105609741E-5
265                      7.100328374646113E-5                          0.004980411082732421                          9.596480158965382E-5
266                      7.101095311857487E-5                          0.004980406586167171                          9.596532736567663E-5
267                      7.101827452100985E-5                          0.004980401747826125                          9.59658283841659E-5
268                      7.102524795376606E-5                          0.0049803965677092865                         9.596630464512157E-5
269                      7.103409497729386E-5                          0.004980391956992368                          9.596690145410933E-5
270                      7.104367778841451E-5                          0.0049803874490040164                         9.59675443908565E-5
271                      7.105304951482864E-5                          0.0049803826553834075                         9.596817152330307E-5
272                      7.10622101565362E-5                           0.004980377576130543                          9.596878285144906E-5
273                      7.107115971353719E-5                          0.004980372211245422                          9.596937837529448E-5
274                      7.107989818583163E-5                          0.004980366560728045                          9.59699580948393E-5
275                      7.108842557341954E-5                          0.00498036062457841                           9.597052201008356E-5
276                      7.10967418763009E-5                           0.004980354402796519                          9.597107012102722E-5
277                      7.110484709447569E-5                          0.004980347895382373                          9.597160242767031E-5
278                      7.111274122794394E-5                          0.00498034110233597                           9.59721189300128E-5
279                      7.112042427670563E-5                          0.004980334023657312                          9.597261962805474E-5
280                      7.112789624076078E-5                          0.004980326659346395                          9.597310452179607E-5
281                      7.113515712010935E-5                          0.004980319009403223                          9.597357361123684E-5
282                      7.114220691475138E-5                          0.004980311073827796                          9.597402689637703E-5
283                      7.114904562468686E-5                          0.0049803028526201115                         9.597446437721661E-5
284                      7.11556732499158E-5                           0.004980294345780171                          9.597488605375563E-5
285                      7.116208979043817E-5                          0.004980285553307973                          9.597529192599405E-5
286                      7.1168295246254E-5                            0.004980276475203519                          9.597568199393191E-5
287                      7.117428961736327E-5                          0.004980267111466811                          9.597605625756919E-5
288                      7.1180072903766E-5                            0.0049802574620978445                         9.597641471690587E-5
289                      7.118564510546216E-5                          0.004980247527096623                          9.5976757371942E-5
290                      7.119100622245177E-5                          0.004980237306463143                          9.597708422267752E-5
291                      7.119615625473485E-5                          0.004980226800197409                          9.597739526911246E-5
292                      7.120109520231135E-5                          0.0049802160082994176                         9.597769051124682E-5
293                      7.120582306518131E-5                          0.00498020493076917                           9.59779699490806E-5
294                      7.121033984334471E-5                          0.0049801935676066665                         9.59782335826138E-5
295                      7.121464553680157E-5                          0.004980181918811907                          9.597848141184642E-5
296                      7.121874014555187E-5                          0.004980169984384889                          9.597871343677847E-5
297                      7.122262366959563E-5                          0.0049801577643256165                         9.597892965740991E-5
298                      7.122629610893282E-5                          0.004980145258634087                          9.59791300737408E-5
299                      7.122975746356346E-5                          0.0049801324673103015                         9.597931468577109E-5
300                      7.123300773348756E-5                          0.00498011939035426                           9.59794834935008E-5
301                      7.123604691870511E-5                          0.004980106027765963                          9.597963649692993E-5
302                      7.123887501921609E-5                          0.004980092379545408                          9.597977369605848E-5
303                      7.124149203502052E-5                          0.004980078445692597                          9.597989509088644E-5
304                      7.124389796611841E-5                          0.004980064226207531                          9.598000068141383E-5
305                      7.124609281250974E-5                          0.004980049721090207                          9.598009046764063E-5
306                      7.124807657419451E-5                          0.004980034930340628                          9.598016444956685E-5
307                      7.124984925117273E-5                          0.004980019853958791                          9.598022262719249E-5
308                      7.125141084344442E-5                          0.0049800044919447                            9.598026500051755E-5
309                      7.125276135100953E-5                          0.004979988844298351                          9.598029156954204E-5
310                      7.125390077386811E-5                          0.004979972911019747                          9.598030233426594E-5
311                      7.125482911202012E-5                          0.004979956692108885                          9.598029729468926E-5
312                      7.125554636546559E-5                          0.004979940187565768                          9.598027645081199E-5
313                      7.12560525342045E-5                           0.004979923397390394                          9.598023980263414E-5
314                      7.125634761823687E-5                          0.004979906321582764                          9.59801873501557E-5
315                      7.125880432386302E-5                          0.004979895077742475                          9.598030344996978E-5
316                      7.126177112087147E-5                          0.004979885407693722                          9.598045978004884E-5
317                      7.126465443438493E-5                          0.004979875781009656                          9.598061022029695E-5
318                      7.126745426440339E-5                          0.0049798661976902785                         9.598075477071418E-5
319                      7.127017061092684E-5                          0.004979856657735587                          9.598089343130047E-5
320                      7.127280347395529E-5                          0.004979847161145582                          9.598102620205585E-5
321                      7.127535285348875E-5                          0.004979837707920266                          9.598115308298031E-5
322                      7.127781874952719E-5                          0.0049798282980596355                         9.598127407407386E-5
323                      7.128020116207065E-5                          0.004979818931563692                          9.598138917533648E-5
324                      7.128250009111911E-5                          0.004979809608432436                          9.598149838676818E-5
325                      7.128471553667256E-5                          0.004979800328665868                          9.598160170836896E-5
326                      7.1286847498731E-5                            0.004979791092263985                          9.598169914013884E-5
327                      7.128889597729446E-5                          0.00497978189922679                           9.598179068207778E-5
328                      7.12908609723629E-5                           0.004979772749554283                          9.598187633418582E-5
329                      7.129274248393636E-5                          0.004979763643246462                          9.598195609646292E-5
330                      7.129454051201481E-5                          0.004979754580303328                          9.598202996890913E-5
331                      7.129625505659825E-5                          0.004979745560724882                          9.598209795152439E-5
332                      7.12978861176867E-5                           0.004979736584511122                          9.598216004430876E-5
333                      7.129943369528016E-5                          0.00497972765166205                           9.598221624726219E-5
334                      7.130089778937862E-5                          0.004979718762177665                          9.598226656038472E-5
335                      7.130227839998207E-5                          0.004979709916057965                          9.598231098367631E-5
336                      7.130357552709052E-5                          0.004979701113302954                          9.598234951713701E-5
337                      7.130478917070399E-5                          0.004979692353912629                          9.598238216076677E-5
338                      7.130591933082243E-5                          0.004979683637886993                          9.598240891456562E-5
339                      7.130696600744588E-5                          0.004979674965226043                          9.598242977853357E-5
340                      7.130792920057433E-5                          0.004979666335929779                          9.598244475267057E-5
341                      7.130880891020778E-5                          0.0049796577499982035                         9.598245383697666E-5
342                      7.130960513634624E-5                          0.004979649207431314                          9.598245703145183E-5
343                      7.131031787898968E-5                          0.004979640708229112                          9.59824543360961E-5
344                      7.131094713813815E-5                          0.004979632252391597                          9.598244575090943E-5
345                      7.131149291379159E-5                          0.004979623839918769                          9.598243127589185E-5
346                      7.131195520595005E-5                          0.004979615470810628                          9.598241091104335E-5
347                      7.13123340146135E-5                           0.004979607145067174                          9.598238465636395E-5
348                      7.131262933978195E-5                          0.004979598862688408                          9.59823525118536E-5
349                      7.131284118145541E-5                          0.004979590623674328                          9.598231447751235E-5
350                      7.131296953963386E-5                          0.0049795824280249356                         9.598227055334018E-5
351                      7.13130144143173E-5                           0.004979574275740231                          9.59822207393371E-5
352                      7.131297580550576E-5                          0.004979566166820212                          9.598216503550309E-5
353                      7.131285371319921E-5                          0.00497955810126488                           9.598210344183816E-5
354                      7.131264813739766E-5                          0.004979550079074235                          9.598203595834232E-5
355                      7.131235907810113E-5                          0.0049795421002482776                         9.598196258501555E-5
356                      7.131198653530956E-5                          0.004979534164787008                          9.598188332185787E-5
357                      7.131153050902302E-5                          0.004979526272690425                          9.598179816886928E-5
358                      7.131099099924147E-5                          0.004979518423958528                          9.598170712604976E-5
359                      7.131036800596493E-5                          0.004979510618591319                          9.598161019339934E-5
360                      7.130966152919337E-5                          0.004979502856588797                          9.598150737091797E-5
361                      7.131010864113989E-5                          0.004979495617792413                          9.598147803850712E-5
362                      7.131067144886569E-5                          0.00497948849961932                           9.598145559711273E-5
363                      7.131120976566244E-5                          0.00497948144769323                           9.598143105129625E-5
364                      7.131172359153014E-5                          0.004979474462014144                          9.598140440105769E-5
365                      7.13122129264688E-5                           0.004979467542582062                          9.5981375646397E-5
366                      7.131267777047842E-5                          0.004979460689396984                          9.598134478731425E-5
367                      7.131311812355902E-5                          0.0049794539024589106                         9.598131182380938E-5
368                      7.131353398571056E-5                          0.004979447181767842                          9.598127675588243E-5
369                      7.131392535693306E-5                          0.004979440527323776                          9.598123958353338E-5
370                      7.131429223722651E-5                          0.004979433939126714                          9.598120030676224E-5
371                      7.131463462659093E-5                          0.004979427417176656                          9.598115892556901E-5
372                      7.131495252502632E-5                          0.004979420961473602                          9.598111543995366E-5
373                      7.131524593253266E-5                          0.004979414572017552                          9.598106984991624E-5
374                      7.131551484910994E-5                          0.004979408248808506                          9.598102215545671E-5
375                      7.13157592747582E-5                           0.004979401991846465                          9.598097235657509E-5
376                      7.131597920947742E-5                          0.004979395801131427                          9.59809204532714E-5
377                      7.131617465326759E-5                          0.004979389676663393                          9.598086644554557E-5
378                      7.131634560612872E-5                          0.004979383618442363                          9.598081033339767E-5
379                      7.131649206806081E-5                          0.0049793776264683365                         9.598075211682767E-5
380                      7.131661403906386E-5                          0.004979371700741315                          9.598069179583558E-5
381                      7.131671151913787E-5                          0.004979365841261296                          9.598062937042139E-5
382                      7.131678450828283E-5                          0.004979360048028282                          9.598056484058511E-5
383                      7.131683300649876E-5                          0.004979354321042272                          9.598049820632674E-5
384                      7.131685701378565E-5                          0.004979348660303267                          9.598042946764626E-5
385                      7.131685653014349E-5                          0.004979343065811265                          9.598035862454369E-5
386                      7.131683155557229E-5                          0.004979337537566266                          9.598028567701903E-5
387                      7.131678209007206E-5                          0.0049793320755682725                         9.598021062507226E-5
388                      7.131670813364278E-5                          0.0049793266798172815                         9.598013346870341E-5
389                      7.131660968628447E-5                          0.004979321350313296                          9.598005420791246E-5
390                      7.13164867479971E-5                           0.004979316087056313                          9.597997284269942E-5
391                      7.13163393187807E-5                           0.004979310890046335                          9.597988937306427E-5
392                      7.131616739863526E-5                          0.00497930575928336                           9.597980379900706E-5
393                      7.131597098756077E-5                          0.004979300694767389                          9.597971612052773E-5
394                      7.131575008555724E-5                          0.004979295696498424                          9.59796263376263E-5
395                      7.131550469262466E-5                          0.004979290764476462                          9.597953445030279E-5
396                      7.131523480876305E-5                          0.004979285898701503                          9.597944045855717E-5
397                      7.131494043397241E-5                          0.004979281099173549                          9.597934436238947E-5
398                      7.131462156825272E-5                          0.004979276365892598                          9.597924616179968E-5
399                      7.1314278211604E-5                            0.004979271698858651                          9.597914585678777E-5
400                      7.131391036402621E-5                          0.004979267098071709                          9.597904344735378E-5
401                      7.13135180255194E-5                           0.00497926256353177                           9.597893893349769E-5
402                      7.131310119608355E-5                          0.0049792580952388345                         9.597883231521952E-5
403                      7.131265987571867E-5                          0.004979253693192905                          9.597872359251924E-5
404                      7.131219406442472E-5                          0.004979249357393979                          9.597861276539686E-5
405                      7.131170376220174E-5                          0.004979245087842055                          9.59784998338524E-5
406                      7.131118896904973E-5                          0.004979240884537137                          9.597838479788584E-5
407                      7.131064968496866E-5                          0.0049792367474792215                         9.597826765749718E-5
408                      7.131008590995857E-5                          0.004979232676668311                          9.597814841268643E-5
409                      7.130979298406678E-5                          0.004979228311511459                          9.597808145735142E-5
410                      7.130953298650032E-5                          0.004979223908036963                          9.597802069140545E-5
411                      7.130927298893387E-5                          0.004979219504562467                          9.597795992545948E-5
412                      7.130901299136743E-5                          0.004979215101087972                          9.597789915951351E-5
413                      7.130875299380097E-5                          0.004979210697613476                          9.597783839356754E-5
414                      7.130849299623454E-5                          0.004979206294138981                          9.597777762762156E-5
415                      7.130823299866808E-5                          0.0049792018906644865                         9.597771686167559E-5
416                      7.130797300110163E-5                          0.004979197487189991                          9.597765609572962E-5
417                      7.130771300353519E-5                          0.004979193083715495                          9.597759532978365E-5
418                      7.130745300596873E-5                          0.004979188680241                             9.597753456383767E-5
419                      7.130719300840228E-5                          0.004979184276766504                          9.59774737978917E-5
420                      7.130693301083583E-5                          0.004979179873292008                          9.597741303194573E-5
421                      7.13066730132694E-5                           0.004979175469817513                          9.597735226599976E-5
422                      7.130641301570293E-5                          0.004979171066343018                          9.597729150005378E-5
423                      7.130615301813649E-5                          0.004979166662868522                          9.597723073410781E-5
424                      7.130589302057004E-5                          0.004979162259394027                          9.597716996816184E-5
425                      7.130563302300359E-5                          0.004979157855919531                          9.597710920221587E-5
426                      7.130537302543714E-5                          0.0049791534524450355                         9.597704843626991E-5
427                      7.13051130278707E-5                           0.00497914904897054                           9.597698767032392E-5
428                      7.130485303030425E-5                          0.004979144645496045                          9.597692690437795E-5
429                      7.130459303273779E-5                          0.00497914024202155                           9.597686613843198E-5
430                      7.130433303517135E-5                          0.004979135838547055                          9.5976805372486E-5
431                      7.13040730376049E-5                           0.004979131435072559                          9.597674460654003E-5
432                      7.130381304003844E-5                          0.0049791270315980634                         9.597668384059406E-5
433                      7.130355304247201E-5                          0.004979122628123568                          9.597662307464809E-5
434                      7.130329304490555E-5                          0.004979118224649072                          9.597656230870213E-5
435                      7.130303304733911E-5                          0.0049791138211745765                         9.597650154275616E-5
436                      7.130277304977266E-5                          0.004979109417700081                          9.597644077681018E-5
437                      7.13025130522062E-5                           0.004979105014225586                          9.597638001086421E-5
438                      7.130225305463976E-5                          0.0049791006107510905                         9.597631924491822E-5
439                      7.130199305707331E-5                          0.004979096207276595                          9.597625847897225E-5
440                      7.130173305950687E-5                          0.0049790918038021                            9.597619771302628E-5
441                      7.130147306194041E-5                          0.0049790874003276045                         9.597613694708031E-5
442                      7.130121306437397E-5                          0.004979082996853109                          9.597607618113435E-5
443                      7.130095306680752E-5                          0.004979078593378613                          9.597601541518838E-5
444                      7.130069306924106E-5                          0.004979074189904118                          9.59759546492424E-5
445                      7.130043307167462E-5                          0.004979069786429623                          9.597589388329643E-5
446                      7.130017307410817E-5                          0.004979065382955127                          9.597583311735046E-5
447                      7.129991307654173E-5                          0.004979060979480632                          9.597577235140449E-5
448                      7.129965307897528E-5                          0.004979056576006136                          9.59757115854585E-5
449                      7.129939308140882E-5                          0.00497905217253164                           9.597565081951253E-5
450                      7.129913308384238E-5                          0.004979047769057145                          9.597559005356657E-5
451                      7.129887308627592E-5                          0.004979043365582649                          9.59755292876206E-5
452                      7.129861308870949E-5                          0.004979038962108154                          9.597546852167462E-5
453                      7.129835309114303E-5                          0.0049790345586336595                         9.597540775572865E-5
454                      7.129809309357658E-5                          0.004979030155159164                          9.597534698978268E-5
455                      7.129783309601014E-5                          0.004979025751684668                          9.597528622383671E-5
456                      7.129757309844368E-5                          0.004979021348210173                          9.597522545789073E-5
457                      7.129742149733888E-5                          0.004979017924533267                          9.597519726937747E-5
458                      7.129728244809144E-5                          0.00497901461431283                           9.597517285319481E-5
459                      7.129714339884399E-5                          0.004979011304092392                          9.597514843701217E-5
460                      7.129700434959655E-5                          0.004979007993871955                          9.597512402082951E-5
461                      7.12968653003491E-5                           0.004979004683651517                          9.597509960464685E-5
462                      7.129672625110166E-5                          0.004979001373431079                          9.597507518846421E-5
463                      7.129658720185421E-5                          0.004978998063210642                          9.597505077228154E-5
464                      7.129644815260678E-5                          0.004978994752990204                          9.597502635609888E-5
465                      7.129630910335934E-5                          0.0049789914427697665                         9.597500193991622E-5
466                      7.12961700541119E-5                           0.0049789881325493284                         9.597497752373358E-5
467                      7.129603100486445E-5                          0.004978984822328891                          9.597495310755092E-5
468                      7.129589195561702E-5                          0.004978981512108453                          9.597492869136826E-5
469                      7.129575290636958E-5                          0.004978978201888016                          9.59749042751856E-5
470                      7.129561385712213E-5                          0.004978974891667578                          9.597487985900296E-5
471                      7.129547480787469E-5                          0.00497897158144714                           9.59748554428203E-5
472                      7.129533575862726E-5                          0.004978968271226703                          9.597483102663764E-5
473                      7.129519670937981E-5                          0.004978964961006265                          9.597480661045498E-5
474                      7.129505766013237E-5                          0.004978961650785828                          9.597478219427232E-5
475                      7.129491861088492E-5                          0.00497895834056539                           9.597475777808967E-5
476                      7.129477956163748E-5                          0.004978955030344952                          9.597473336190701E-5
477                      7.129464051239003E-5                          0.004978951720124514                          9.597470894572435E-5
478                      7.129450146314259E-5                          0.004978948409904077                          9.59746845295417E-5
479                      7.129436241389516E-5                          0.004978945099683639                          9.597466011335905E-5
480                      7.129422336464771E-5                          0.004978941789463202                          9.597463569717639E-5
