% Model:              Single sender-receiver.mph
% Version:            COMSOL 6.4.0.293
% Date:               Jul 27 2026, 08:31
% Table:              Table 1 - Point Evaluation 1
% Time (min)             Molar concentration, rS6 (mol/m^3), Point: 10 Molar concentration, rTh (mol/m^3), Point: 10 Molar concentration, rGRep6 (mol/m^3), Point: 10
0                        2.844834371646328E-58                         -3.919483379604595E-57                        -7.838966759209188E-60
1                        3.6004117257232167E-28                        1.834419885852787E-26                         3.6688397717055805E-29
2                        2.6921067158962747E-20                        1.2458215171565586E-18                        2.4916430324533346E-21
3                        2.5970902385748874E-18                        9.96017806300163E-17                          1.9920355894900676E-19
4                        4.4190064540986187E-17                        9.271877056343063E-16                         1.8543051477399477E-18
5                        5.393281088312955E-16                         -2.985499252378463E-14                        -6.012957326272346E-17
6                        2.485721821370041E-15                         -3.3196447915707583E-13                       -5.26498977022522E-16
7                        7.541973009195977E-15                         -1.5152716711138023E-12                       -2.331528770426587E-15
8                        1.9176277487616655E-14                        -5.57185203011698E-12                         -9.406904515548469E-15
9                        4.4661765293848756E-14                        -1.8523233578075077E-11                       -3.494191803339459E-14
10                       8.274043511717091E-14                         -3.935952878090487E-11                        -7.674021224636865E-14
11                       1.4349649927810704E-13                        -7.139767048467414E-11                        -1.680696269172115E-13
12                       2.2431536318909915E-13                        -1.1377765749236594E-10                       -3.003046084559436E-13
13                       3.3155390910277177E-13                        -1.6881762338647178E-10                       -5.156719251836233E-13
14                       4.701778333249219E-13                         -2.3831134543390837E-10                       -8.455630967639497E-13
15                       6.384884515158816E-13                         -3.2248808652248236E-10                       -1.3282077269624266E-12
16                       8.447072740846136E-13                         -4.281580169138619E-10                        -2.238684085297129E-12
17                       1.0850449249299352E-12                        -5.521822612492789E-10                        -3.4502058553109185E-12
18                       1.3643326786692488E-12                        -6.694176964739365E-10                        -4.63245532813076E-12
19                       1.6815819434383277E-12                        -7.850091940475684E-10                        -5.853023238182196E-12
20                       2.037199587451027E-12                         -8.475685265409152E-10                        -6.971627131311184E-12
21                       2.4319083350479125E-12                        -8.115813115845992E-10                        -7.843548861774905E-12
22                       2.865214953820268E-12                         -6.975721047975003E-10                        -8.550921692547755E-12
23                       3.3370292332858415E-12                        -4.529778442690119E-10                        -9.019880181467812E-12
24                       3.847391904639362E-12                         -1.0153142951117874E-10                       -9.283775527124363E-12
25                       4.396051118498617E-12                         4.794987069750803E-10                         -9.387547033108315E-12
26                       4.983043700469135E-12                         1.2721666633535327E-9                         -9.324623640748575E-12
27                       5.607595745641421E-12                         2.405201644136854E-9                          -9.530961356855247E-12
28                       6.268899228982059E-12                         4.022697179947976E-9                          -1.0450119079009923E-11
29                       6.967458134571535E-12                         6.034778771196341E-9                          -1.1805438765822777E-11
30                       7.70327246240985E-12                          8.441446417881948E-9                          -1.3596920417293813E-11
31                       8.476342212497002E-12                         1.1242700120004801E-8                         -1.582456403342303E-11
32                       9.301099283721576E-12                         1.4890108449521212E-8                         -1.7569597602190882E-11
33                       1.0172038321610343E-11                        1.9211410979942443E-8                         -1.918250622921649E-11
34                       1.10866052704841E-11                          2.412669229025164E-8                          -2.0825887705220684E-11
35                       1.2044800130342844E-11                        2.963595238044881E-8                          -2.2499742030203466E-11
36                       1.3050265118981017E-11                        3.5638494367478656E-8                         -2.3660069375444498E-11
37                       1.4128895166617593E-11                        4.141839764824845E-8                          -2.0439215910527475E-11
38                       1.52622911726511E-11                          4.7484344620724995E-8                         -1.5585262102004953E-11
39                       1.6450453137081533E-11                        5.3836335284908284E-8                         -9.098207949876935E-12
40                       1.7693381059908894E-11                        6.047436964079834E-8                          -9.780534541434168E-13
41                       1.901111346825368E-11                         6.656814248704671E-8                          7.671477002494582E-12
42                       2.0420790638215486E-11                        7.140743893048986E-8                          1.59062950375134E-11
43                       2.1902612749902216E-11                        7.581267323327922E-8                          2.481697701196878E-11
44                       2.3456579803313878E-11                        7.978384539541483E-8                          3.440352292586073E-11
45                       2.508269179845047E-11                         8.332095541689665E-8                          4.466593277918925E-11
46                       2.6843192912592658E-11                        8.84721521812331E-8                           5.7539539740995606E-11
47                       2.872163795648097E-11                         9.469630561823275E-8                          7.251302015603202E-11
48                       3.070219218339763E-11                         1.01472372311025E-7                           8.90940306134753E-11
49                       3.278485559334266E-11                         1.0880035225960987E-7                         1.0728257111332547E-10
50                       3.496962818631603E-11                         1.166802454639873E-7                          1.2707864165558246E-10
51                       3.725650996231776E-11                         1.251120519241573E-7                          1.4848224224024634E-10
52                       3.964550092134784E-11                         1.3409577164011993E-7                         1.7149337286731707E-10
53                       4.213660106340628E-11                         1.4363140461187511E-7                         1.961120335367947E-10
54                       4.472981038849308E-11                         1.5371895083942294E-7                         2.2233822424867917E-10
55                       4.755007596906296E-11                         1.6499391110363935E-7                         2.5174233759921956E-10
56                       5.071417181990091E-11                         1.7805021670778698E-7                         2.857920434157262E-10
57                       5.404613692049504E-11                         1.9199290177757884E-7                         3.222757822081568E-10
58                       5.7545971270845336E-11                        2.068219663130149E-7                          3.6119355397651127E-10
59                       6.121367487095182E-11                         2.225374103140952E-7                          4.0254535872078977E-10
60                       6.504924772081447E-11                         2.391392337808197E-7                          4.4633119644099226E-10
61                       6.90526898204333E-11                          2.5662743671318846E-7                         4.925510671371185E-10
62                       7.322400116980832E-11                         2.750020191112013E-7                          5.412049708091689E-10
63                       7.756318176893951E-11                         2.942629809748585E-7                          5.922929074571433E-10
64                       8.207874346484457E-11                         3.1455652472523154E-7                         6.455333185063017E-10
65                       8.734059633874587E-11                         3.4567162254364105E-7                         6.820744706177502E-10
66                       9.288313254988412E-11                         3.796108335165636E-7                          7.173179422925487E-10
67                       9.870635209825936E-11                         4.163741576439993E-7                          7.512637335306975E-10
68                       1.0481025498387154E-10                        4.55961594925948E-7                           7.839118443321963E-10
69                       1.1119484120672075E-10                        4.9837314536241E-7                            8.152622746970452E-10
70                       1.1786011076680686E-10                        5.436088089533849E-7                          8.453150246252442E-10
71                       1.2480606366413E-10                           5.916685856988729E-7                          8.740700941167934E-10
72                       1.320326998986901E-10                         6.425524755988741E-7                          9.015274831716926E-10
73                       1.3954001947048713E-10                        6.962604786533882E-7                          9.276871917899418E-10
74                       1.4787267883530956E-10                        7.447398679250751E-7                          9.71124648714678E-10
75                       1.569275316640958E-10                         7.895156583360813E-7                          1.0283220634832432E-9
76                       1.6643223672531524E-10                        8.346144056133941E-7                          1.0899912782369507E-9
77                       1.7638679401896797E-10                        8.800361097570136E-7                          1.1561322929758001E-9
78                       1.8679120354505393E-10                        9.257807707669399E-7                          1.2267451076997923E-9
79                       1.9764546530357314E-10                        9.718483886431728E-7                          1.3018297224089264E-9
80                       2.0894957929452558E-10                        1.0182389633857126E-6                         1.3813861371032033E-9
81                       2.207035455179113E-10                         1.0649524949945588E-6                         1.4654143517826221E-9
82                       2.329073639737302E-10                         1.1119889834697118E-6                         1.553914366447183E-9
83                       2.458690656802631E-10                         1.1631772034287123E-6                         1.644437499247665E-9
84                       2.602650870898954E-10                         1.226925148111099E-6                          1.7316064421702385E-9
85                       2.7534784281439547E-10                        1.2939404547708036E-6                         1.8213640992156897E-9
86                       2.911173328537634E-10                         1.3642231234078257E-6                         1.9137104703840192E-9
87                       3.0757355720799907E-10                        1.4377731540221652E-6                         2.0086455556752253E-9
88                       3.247165158771026E-10                         1.5145905466138228E-6                         2.1061693550893087E-9
89                       3.4254620886107393E-10                        1.594675301182798E-6                          2.20628186862627E-9
90                       3.6106263615991303E-10                        1.6780274177290907E-6                         2.308983096286108E-9
91                       3.8026579777362004E-10                        1.7646468962527011E-6                         2.414273038068824E-9
92                       4.0015569370219477E-10                        1.8545337367536291E-6                         2.5221516939744175E-9
93                       4.22188282783919E-10                          1.971712468797237E-6                          2.688427618973295E-9
94                       4.4537557107407607E-10                        2.0998803720653727E-6                         2.8752298836652626E-9
95                       4.695658667066992E-10                         2.2365344048353434E-6                         3.076743966638189E-9
96                       4.947591696817881E-10                         2.381674567107148E-6                          3.292969867892073E-9
97                       5.209554799993432E-10                         2.5353008588807877E-6                         3.523907587426916E-9
98                       5.481547976593641E-10                         2.6974132801562616E-6                         3.769557125242717E-9
99                       5.763571226618509E-10                         2.8680118309335695E-6                         4.029918481339476E-9
100                      6.055624550068038E-10                         3.047096511212712E-6                          4.304991655717194E-9
101                      6.357707946942224E-10                         3.2346673209936897E-6                         4.594776648375869E-9
102                      6.678339090500912E-10                         3.432440035331944E-6                          4.887511850462574E-9
103                      7.019263706508445E-10                         3.6407663080921776E-6                         5.180786680709582E-9
104                      7.373507593160353E-10                         3.858241276570376E-6                          5.484231449083394E-9
105                      7.741070750456634E-10                         4.084864940766543E-6                          5.79784615558401E-9
106                      8.12195317839729E-10                          4.320637300680674E-6                          6.1216308002114265E-9
107                      8.516154876982323E-10                         4.565558356312771E-6                          6.4555853829656465E-9
108                      8.923675846211731E-10                         4.8196281076628354E-6                         6.79970990384667E-9
109                      9.344516086085513E-10                         5.082846554730865E-6                          7.1540043628544955E-9
110                      9.778675596603672E-10                         5.35521369751686E-6                           7.518468759989124E-9
111                      1.0228812380140165E-9                         5.637780302241147E-6                          7.907971158565459E-9
112                      1.0709450800040614E-9                         5.936288166023552E-6                          8.403756464888662E-9
113                      1.1207126183971982E-9                         6.2454144106778465E-6                         8.930507364450964E-9
114                      1.172183853193427E-9                          6.565159036204032E-6                          9.488223857252372E-9
115                      1.2253587843927482E-9                         6.895522042602108E-6                          1.007690594329288E-8
116                      1.2802374119951615E-9                         7.236503429872075E-6                          1.0696553622572488E-8
117                      1.3368197360006665E-9                         7.588103198013933E-6                          1.1347166895091198E-8
118                      1.3951057564092636E-9                         7.95032134702768E-6                           1.2028745760849012E-8
119                      1.4550954732209527E-9                         8.323157876913321E-6                          1.2741290219845929E-8
120                      1.5167888864357345E-9                         8.706612787670852E-6                          1.3484800272081943E-8
121                      1.5817986561435772E-9                         9.105614860139621E-6                          1.4315026557647917E-8
122                      1.6493384213427232E-9                         9.517760735383428E-6                          1.5204784098467455E-8
123                      1.7189908602097982E-9                         9.941774950693379E-6                          1.6139645825301533E-8
124                      1.7907559727448028E-9                         1.0377657506069472E-5                         1.7119611738150166E-8
125                      1.8646337589477367E-9                         1.0825408401511704E-5                         1.8144681837013344E-8
126                      1.9406242188186E-9                            1.1285027637020081E-5                         1.921485612189107E-8
127                      2.018727352357393E-9                          1.1756515212594598E-5                         2.033013459278334E-8
128                      2.098943159564115E-9                          1.2239871128235256E-5                         2.149051724969016E-8
129                      2.181271640438766E-9                          1.2735095383942057E-5                         2.2696004092611527E-8
130                      2.266396575829704E-9                          1.3241540175075025E-5                         2.394120450877301E-8
131                      2.3548869984881035E-9                         1.3758666407774769E-5                         2.5221632506464052E-8
132                      2.445836510816456E-9                          1.4287332790750005E-5                         2.6544433706214377E-8
133                      2.539245112814762E-9                          1.482753932400073E-5                          2.7909608108023985E-8
134                      2.635112804483021E-9                          1.5379286007526943E-5                         2.9317155711892877E-8
135                      2.7334395858212333E-9                         1.5942572841328647E-5                         3.076707651782105E-8
136                      2.834225456829398E-9                          1.6517399825405844E-5                         3.225937052580852E-8
137                      2.9374704175075166E-9                         1.710376695975853E-5                          3.379403773585526E-8
138                      3.0431744678555882E-9                         1.7701674244386704E-5                         3.537107814796129E-8
139                      3.151374844833737E-9                          1.8312481782577446E-5                         3.6990506057867926E-8
140                      3.263347525548257E-9                          1.898279543718178E-5                          3.865281132937083E-8
141                      3.3780381424719433E-9                         1.9674103774001492E-5                         4.035758917740266E-8
142                      3.4954466956047966E-9                         2.038640679303658E-5                          4.2104839601963416E-8
143                      3.615573184946815E-9                          2.111970449428704E-5                          4.389456260305308E-8
144                      3.738417610498001E-9                          2.187399687775288E-5                          4.572675818067166E-8
145                      3.863979972258352E-9                          2.26492839434341E-5                           4.760142633481916E-8
146                      3.9922602702278694E-9                         2.344556569133069E-5                          4.9518567065495584E-8
147                      4.123258504406554E-9                          2.426284212144266E-5                          5.147818037270093E-8
148                      4.2569746747944045E-9                         2.5101113233770006E-5                         5.348026625643518E-8
149                      4.3939244923705354E-9                         2.6000381463021186E-5                         5.542858252537993E-8
150                      4.533990612752811E-9                          2.6951544693525073E-5                         5.734502803554751E-8
151                      4.676931082254476E-9                          2.7935835171735835E-5                         5.927475628173239E-8
152                      4.8227459008755314E-9                         2.8953252897653477E-5                         6.121776726393457E-8
153                      4.971435068615977E-9                          3.0003797871278E-5                            6.317406098215402E-8
154                      5.122998585475813E-9                          3.108747009260941E-5                          6.514363743639079E-8
155                      5.277436451455038E-9                          3.220426956164768E-5                          6.712649662664484E-8
156                      5.434748666553653E-9                          3.3354196278392844E-5                         6.912263855291618E-8
157                      5.594935230771658E-9                          3.453725024284488E-5                          7.113206321520482E-8
158                      5.758076816387914E-9                          3.57307952603842E-5                           7.324885819411345E-8
159                      5.92433365302018E-9                           3.6889871787749336E-5                         7.565989830325613E-8
160                      6.093523618669752E-9                          3.8065582249036754E-5                         7.815277578033155E-8
161                      6.2656467133366326E-9                         3.925792664424647E-5                          8.07274906253397E-8
162                      6.440702937020818E-9                          4.046690497337847E-5                          8.338404283828056E-8
163                      6.618692289722311E-9                          4.169251723643275E-5                          8.612243241915418E-8
164                      6.7996147714411106E-9                         4.293476343340931E-5                          8.894265936796051E-8
165                      6.983470382177218E-9                          4.419364356430816E-5                          9.184472368469959E-8
166                      7.1702591219306315E-9                         4.54691576291293E-5                           9.482862536937137E-8
167                      7.359980990701351E-9                          4.676130562787272E-5                          9.789436442197589E-8
168                      7.55223591774414E-9                           4.815331696604951E-5                          1.009287374681759E-7
169                      7.747303307991282E-9                          4.9587065158061826E-5                         1.0401080447803402E-7
170                      7.945218427488344E-9                          5.1055213571471934E-5                         1.0715054427505773E-7
171                      8.145981276235322E-9                          5.2557762206279814E-5                         1.1034795685924703E-7
172                      8.349591854232223E-9                          5.409471106248548E-5                          1.1360304223060195E-7
173                      8.55605016147904E-9                           5.5666060140088925E-5                         1.1691580038912249E-7
174                      8.765356197975777E-9                          5.727180943909015E-5                          1.202862313348086E-7
175                      8.977509963722431E-9                          5.891195895948916E-5                          1.2371433506766032E-7
176                      9.192511458719007E-9                          6.058650870128594E-5                          1.2720011158767766E-7
177                      9.4103606829655E-9                            6.229545866448051E-5                          1.3074356089486057E-7
178                      9.631057636461912E-9                          6.403880884907286E-5                          1.3434468298920914E-7
179                      9.854602319208242E-9                          6.5816559255063E-5                            1.3800347787072325E-7
180                      1.0080994731204493E-8                         6.762870988245091E-5                          1.41719945539403E-7
181                      1.0310234872450662E-8                         6.947526073123662E-5                          1.4549408599524832E-7
182                      1.0542322742946749E-8                         7.13562118014201E-5                           1.4932589923825928E-7
183                      1.0777258342692754E-8                         7.327156309300136E-5                          1.5321538526843584E-7
184                      1.1015041671688681E-8                         7.522131460598038E-5                          1.5716254408577797E-7
185                      1.1255672729934525E-8                         7.720546634035722E-5                          1.6116737569028576E-7
186                      1.1497821650524234E-8                         7.925054114807226E-5                          1.6526626257821472E-7
187                      1.1735575006482717E-8                         8.147447635609164E-5                          1.696209842733651E-7
188                      1.1975322008968059E-8                         8.374984560258139E-5                          1.7405674474917426E-7
189                      1.2217062657980255E-8                         8.607664888754153E-5                          1.785735440056423E-7
190                      1.2460796953519312E-8                         8.845488621097203E-5                          1.8317138204276916E-7
191                      1.2706524895585223E-8                         9.08845575728729E-5                           1.8785025886055492E-7
192                      1.2954246484177994E-8                         9.336566297324415E-5                          1.9261017445899948E-7
193                      1.3203961719297624E-8                         9.589820241208576E-5                          1.9745112883810294E-7
194                      1.3455670600944108E-8                         9.848217588939774E-5                          2.023731219978652E-7
195                      1.3709373129117453E-8                         1.0111758340518011E-4                         2.073761539382864E-7
196                      1.3965069303817654E-8                         1.0380442495943283E-4                         2.124602246593664E-7
197                      1.4222759125044713E-8                         1.0654270055215594E-4                         2.1762533416110523E-7
198                      1.4482442592798632E-8                         1.0933241018334942E-4                         2.2287148244350297E-7
199                      1.4744119707079403E-8                         1.1217355385301327E-4                         2.2819866950655949E-7
200                      1.5007790467887038E-8                         1.1506613156114749E-4                         2.336068953502749E-7
201                      1.527345487522153E-8                          1.1801014330775208E-4                         2.3909615997464916E-7
202                      1.5541112929082874E-8                         1.2100558909282705E-4                         2.446664633796823E-7
203                      1.581076462947108E-8                          1.240524689163724E-4                          2.5031780556537423E-7
204                      1.608240997638614E-8                          1.2715078277838812E-4                         2.560501865317251E-7
205                      1.6351726715442887E-8                         1.3023614838620745E-4                         2.615971785510774E-7
206                      1.6616261861135032E-8                         1.3327202720768986E-4                         2.6680757734525274E-7
207                      1.6881712335662755E-8                         1.3634327794843332E-4                         2.7203254642781925E-7
208                      1.7148078139026063E-8                         1.3944990060843786E-4                         2.7727208579877704E-7
209                      1.7415359271224945E-8                         1.425918951877035E-4                          2.82526195458126E-7
210                      1.768355573225941E-8                          1.4576926168623021E-4                         2.877948754058662E-7
211                      1.7952667522129457E-8                         1.48982000104018E-4                           2.930781256419976E-7
212                      1.822269464083508E-8                          1.5223011044106693E-4                         2.983759461665203E-7
213                      1.8493637088376288E-8                         1.5551359269737694E-4                         3.0368833697943414E-7
214                      1.876549486475307E-8                          1.58832446872948E-4                           3.090152980807392E-7
215                      1.9038267969965437E-8                         1.6218667296778017E-4                         3.1435682947043554E-7
216                      1.9311956404013378E-8                         1.655762709818734E-4                          3.197129311485231E-7
217                      1.9586560166896908E-8                         1.6900124091522774E-4                         3.2508360311500187E-7
218                      1.9862079258616008E-8                         1.7246158276784318E-4                         3.304688453698719E-7
219                      2.0138513679170697E-8                         1.759572965397197E-4                          3.358686579131331E-7
220                      2.041586342856096E-8                          1.7948838223085726E-4                         3.4128304074478555E-7
221                      2.0694128506786805E-8                         1.8305483984125593E-4                         3.4671199386482926E-7
222                      2.0973308913848234E-8                         1.8665666937091573E-4                         3.521555172732642E-7
223                      2.1253404649745238E-8                         1.9029387081983659E-4                         3.5761361097009027E-7
224                      2.1527299541299695E-8                         1.9387548234847264E-4                         3.6392659235817437E-7
225                      2.1797723511367232E-8                         1.974363989486336E-4                          3.70772096926893E-7
226                      2.2067972028574124E-8                         2.0101874464975317E-4                         3.7776097736800465E-7
227                      2.2338045092920374E-8                         2.0462251945183136E-4                         3.8489323368150913E-7
228                      2.2607942704405974E-8                         2.082477233548681E-4                          3.9216886586740643E-7
229                      2.2877664863030925E-8                         2.1189435635886352E-4                         3.995878739256966E-7
230                      2.3147211568795243E-8                         2.1556241846381756E-4                         4.071502578563797E-7
231                      2.341658282169891E-8                          2.1925190966973017E-4                         4.148560176594557E-7
232                      2.368577862174193E-8                          2.2296282997660147E-4                         4.227051533349246E-7
233                      2.3954798968924307E-8                         2.266951793844313E-4                          4.306976648827862E-7
234                      2.4223643863246036E-8                         2.304489578932198E-4                          4.3883355230304074E-7
235                      2.4492313304707125E-8                         2.342241655029669E-4                          4.4711281559568834E-7
236                      2.476080729330757E-8                          2.380208022136726E-4                          4.5553545476072864E-7
237                      2.5029125829047366E-8                         2.4183886802533694E-4                         4.6410146979816176E-7
238                      2.5297268911926508E-8                         2.456783629379599E-4                          4.7281086070798794E-7
239                      2.5565236541945017E-8                         2.495392869515414E-4                          4.816636274902069E-7
240                      2.5833028719102874E-8                         2.534216400660816E-4                          4.906597701448188E-7
241                      2.610064544340009E-8                          2.5732542228158045E-4                         4.997992886718235E-7
242                      2.636808671483666E-8                          2.612506335980378E-4                          5.09082183071221E-7
243                      2.662711081197893E-8                          2.648971544162686E-4                          5.167938685418475E-7
244                      2.688442504948472E-8                          2.685092294129367E-4                          5.243297161674638E-7
245                      2.7140658532348244E-8                         2.72109767241316E-4                           5.318206032010906E-7
246                      2.739581126056949E-8                          2.7569876790140664E-4                         5.392665296427279E-7
247                      2.7649883234148476E-8                         2.7927623139320864E-4                         5.466674954923754E-7
248                      2.7902874453085187E-8                         2.82842157716722E-4                           5.540235007500334E-7
249                      2.8154784917379626E-8                         2.863965468719468E-4                          5.613345454157018E-7
250                      2.84056146270318E-8                           2.899393988588829E-4                          5.686006294893807E-7
251                      2.8655363582041705E-8                         2.9347071367753037E-4                         5.758217529710699E-7
252                      2.8904031782409335E-8                         2.9699049132788914E-4                         5.829979158607695E-7
253                      2.91516192281347E-8                           3.004987318099593E-4                          5.901291181584798E-7
254                      2.9398125919217793E-8                         3.039954351237408E-4                          5.972153598642003E-7
255                      2.964355185565861E-8                          3.0748060126923373E-4                         6.042566409779311E-7
256                      2.9887897037457166E-8                         3.109542302464379E-4                          6.112529614996725E-7
257                      3.013116146461345E-8                          3.144163220553535E-4                          6.182043214294243E-7
258                      3.037334513712746E-8                          3.1786687669598044E-4                         6.251107207671864E-7
259                      3.06144480549992E-8                           3.2130589416831873E-4                         6.319721595129591E-7
260                      3.085447021822868E-8                          3.247333744723684E-4                          6.38788637666742E-7
261                      3.1093094636945644E-8                         3.281613752478117E-4                          6.456651722825174E-7
262                      3.1329076128413914E-8                         3.3163726067306774E-4                         6.530142857620943E-7
263                      3.1563789928199555E-8                         3.351087196287908E-4                          6.603803698944989E-7
264                      3.179723603630256E-8                          3.3857575211498095E-4                         6.67763424679731E-7
265                      3.2029414452722945E-8                         3.420383581316382E-4                          6.751634501177906E-7
266                      3.2260325177460695E-8                         3.4549653767876245E-4                         6.825804462086779E-7
267                      3.248996821051582E-8                          3.489502907563538E-4                          6.900144129523927E-7
268                      3.2718343551888316E-8                         3.5239961736441224E-4                         6.974653503489351E-7
269                      3.294545120157818E-8                          3.5584451750293766E-4                         7.049332583983051E-7
270                      3.317129115958542E-8                          3.5928499117193015E-4                         7.124181371005026E-7
271                      3.3395863425910026E-8                         3.627210383713897E-4                          7.199199864555277E-7
272                      3.3619168000552006E-8                         3.6615265910131634E-4                         7.274388064633803E-7
273                      3.384120488351135E-8                          3.6957985336171E-4                            7.349745971240605E-7
274                      3.406197407478807E-8                          3.730026211525707E-4                          7.425273584375682E-7
275                      3.4281475574382164E-8                         3.7642096247389857E-4                         7.500970904039037E-7
276                      3.4499709382293624E-8                         3.798348773256934E-4                          7.576837930230665E-7
277                      3.471667549852246E-8                          3.832443657079553E-4                          7.65287466295057E-7
278                      3.493237392306866E-8                          3.866494276206843E-4                          7.72908110219875E-7
279                      3.514680465593223E-8                          3.9005006306388026E-4                         7.805457247975206E-7
280                      3.535996769711318E-8                          3.9344627203754336E-4                         7.882003100279939E-7
281                      3.557186304661149E-8                          3.9683805454167353E-4                         7.958718659112947E-7
282                      3.578249070442718E-8                          4.002254105762707E-4                          8.035603924474228E-7
283                      3.599185067056023E-8                          4.03608340141335E-4                           8.112658896363787E-7
284                      3.619994294501066E-8                          4.069868432368663E-4                          8.189883574781622E-7
285                      3.640676752777846E-8                          4.1036091986286467E-4                         8.267277959727732E-7
286                      3.661232441886363E-8                          4.137305700193301E-4                          8.344842051202118E-7
287                      3.681661361826617E-8                          4.170957937062626E-4                          8.42257584920478E-7
288                      3.701963512598608E-8                          4.2045659092366215E-4                         8.500479353735714E-7
289                      3.722138894202336E-8                          4.238129616715288E-4                          8.578552564794928E-7
290                      3.7421875066378014E-8                         4.2716490594986244E-4                         8.656795482382417E-7
291                      3.762109349905003E-8                          4.305124237586631E-4                          8.735208106498182E-7
292                      3.781904424003943E-8                          4.338555150979309E-4                          8.813790437142221E-7
293                      3.8015727289346193E-8                         4.3719417996766573E-4                         8.892542474314535E-7
294                      3.8211142646970326E-8                         4.4052841836786773E-4                         8.971464218015127E-7
295                      3.8405290312911836E-8                         4.4385823029853663E-4                         9.050555668243993E-7
296                      3.859817028717071E-8                          4.4718361575967267E-4                         9.129816825001136E-7
297                      3.878978256974696E-8                          4.5050457475127577E-4                         9.209247688286554E-7
298                      3.898012716064057E-8                          4.5382110727334584E-4                         9.288848258100247E-7
299                      3.9162096951045855E-8                         4.5701242441189676E-4                         9.362575109812591E-7
300                      3.933909554420574E-8                          4.601363721280071E-4                          9.433322446992192E-7
301                      3.951428409342493E-8                          4.6324667582325093E-4                         9.503778309496302E-7
302                      3.968766259870343E-8                          4.6634333549762846E-4                         9.573942697324923E-7
303                      3.985923106004123E-8                          4.6942635115113947E-4                         9.643815610478054E-7
304                      4.0028989477438347E-8                         4.7249572278378396E-4                         9.713397048955694E-7
305                      4.019693785089477E-8                          4.755514503955621E-4                          9.782687012757845E-7
306                      4.03630761804105E-8                           4.785935339864737E-4                          9.851685501884506E-7
307                      4.0527404465985534E-8                         4.8162197355651893E-4                         9.920392516335675E-7
308                      4.068992270761988E-8                          4.8463676910569773E-4                         9.988808056111356E-7
309                      4.085063090531353E-8                          4.8763792063401E-4                            1.0056932121211546E-6
310                      4.1009529059066486E-8                         4.906254281414558E-4                          1.0124764711636247E-6
311                      4.116661716887874E-8                          4.935992916280354E-4                          1.0192305827385457E-6
312                      4.132189523475032E-8                          4.965595110937483E-4                          1.025955546845918E-6
313                      4.147536325668119E-8                          4.995060865385948E-4                          1.032651363485741E-6
314                      4.162702123467138E-8                          5.024390179625748E-4                          1.039318032658015E-6
315                      4.177686916872087E-8                          5.053583053656885E-4                          1.0459555543627401E-6
316                      4.1924907058829674E-8                         5.082639487479356E-4                          1.052563928599916E-6
317                      4.207113490499778E-8                          5.111559481093164E-4                          1.059143155369543E-6
318                      4.221555270722519E-8                          5.140343034498307E-4                          1.065693234671621E-6
319                      4.235816046551192E-8                          5.168990147694785E-4                          1.07221416650615E-6
320                      4.2498958179857946E-8                         5.197500820682599E-4                          1.07870595087313E-6
321                      4.2637945850263286E-8                         5.225875053461749E-4                          1.085168587772561E-6
322                      4.2775123476727924E-8                         5.254112846032232E-4                          1.0916020772044431E-6
323                      4.2910491059251867E-8                         5.282214198394054E-4                          1.0980064191687762E-6
324                      4.3044048597835127E-8                         5.31017911054721E-4                           1.1043816136655602E-6
325                      4.317579609247769E-8                          5.3380075824917E-4                            1.1107276606947953E-6
326                      4.3305733543179566E-8                         5.365699614227528E-4                          1.1170445602564813E-6
327                      4.343386094994074E-8                          5.393255205754689E-4                          1.1233323123506183E-6
328                      4.356017831276123E-8                          5.420674357073188E-4                          1.1295909169772065E-6
329                      4.3684685631641024E-8                         5.447957068183022E-4                          1.1358203741362455E-6
330                      4.3807382906580124E-8                         5.475103339084191E-4                          1.1420206838277352E-6
331                      4.3928270137578534E-8                         5.502113169776695E-4                          1.1481918460516764E-6
332                      4.404734732463625E-8                          5.528986560260535E-4                          1.1543338608080683E-6
333                      4.4164614467753274E-8                         5.55572351053571E-4                           1.1604467280969114E-6
334                      4.42800715669296E-8                           5.582324020602221E-4                          1.1665304479182053E-6
335                      4.4393718622165224E-8                         5.608788090460068E-4                          1.1725850202719504E-6
336                      4.4506321309513483E-8                         5.634824964889277E-4                          1.1786193544489858E-6
337                      4.462042593559178E-8                          5.659467718076397E-4                          1.1846630788882883E-6
338                      4.473293027286354E-8                          5.683894379353713E-4                          1.190680096539082E-6
339                      4.484383432132875E-8                          5.708104948721224E-4                          1.1966704074013672E-6
340                      4.49531380809874E-8                           5.73209942617893E-4                           1.202634011475144E-6
341                      4.5060841551839505E-8                         5.75587781172683E-4                           1.2085709087604123E-6
342                      4.516694473388506E-8                          5.779440105364926E-4                          1.2144810992571722E-6
343                      4.527144762712405E-8                          5.802786307093218E-4                          1.2203645829654236E-6
344                      4.53743502315565E-8                           5.825916416911705E-4                          1.2262213598851662E-6
345                      4.547565254718241E-8                          5.848830434820386E-4                          1.2320514300164005E-6
346                      4.557535457400175E-8                          5.871528360819263E-4                          1.2378547933591266E-6
347                      4.5673456312014547E-8                         5.894010194908335E-4                          1.2436314499133439E-6
348                      4.5769957761220795E-8                         5.916275937087602E-4                          1.2493813996790528E-6
349                      4.5864858921620487E-8                         5.938325587357064E-4                          1.2551046426562533E-6
350                      4.5958159793213627E-8                         5.960159145716721E-4                          1.2608011788449451E-6
351                      4.604986037600023E-8                          5.981776612166574E-4                          1.2664710082451285E-6
352                      4.6139960669980266E-8                         6.003177986706622E-4                          1.2721141308568033E-6
353                      4.622846067515375E-8                          6.024363269336864E-4                          1.2777305466799698E-6
354                      4.63153603915207E-8                           6.045332460057302E-4                          1.2833202557146279E-6
355                      4.640065981908108E-8                          6.066085558867935E-4                          1.2888832579607772E-6
356                      4.648435895783491E-8                          6.086622565768764E-4                          1.2944195534184181E-6
357                      4.65664578077822E-8                           6.106943480759787E-4                          1.2999291420875507E-6
358                      4.664695636892294E-8                          6.127048303841004E-4                          1.3054120239681745E-6
359                      4.6725854641257116E-8                         6.146937035012419E-4                          1.3108681990602899E-6
360                      4.680315262478474E-8                          6.166609674274026E-4                          1.3162976673638971E-6
361                      4.687885031950582E-8                          6.186066221625831E-4                          1.3217004288789956E-6
362                      4.695294772542035E-8                          6.205306677067831E-4                          1.3270764836055857E-6
363                      4.702544484252833E-8                          6.224331040600024E-4                          1.3324258315436672E-6
364                      4.709634167082976E-8                          6.243139312222413E-4                          1.3377484726932401E-6
365                      4.716563821032463E-8                          6.261731491934998E-4                          1.3430444070543047E-6
366                      4.723333446101295E-8                          6.280107579737777E-4                          1.3483136346268607E-6
367                      4.729943042289473E-8                          6.298267575630751E-4                          1.3535561554109083E-6
368                      4.736392609596995E-8                          6.316211479613921E-4                          1.3587719694064474E-6
369                      4.742682148023862E-8                          6.333939291687286E-4                          1.363961076613478E-6
370                      4.7488116575700745E-8                         6.351451011850848E-4                          1.3691234770320001E-6
371                      4.754781138235631E-8                          6.368746640104603E-4                          1.3742591706620137E-6
372                      4.7605905900205324E-8                         6.385826176448552E-4                          1.3793681575035188E-6
373                      4.766240012924778E-8                          6.402689620882698E-4                          1.3844504375565154E-6
374                      4.7724812417524415E-8                         6.418808367086885E-4                          1.3890361829938876E-6
375                      4.778930916591012E-8                          6.434451950963877E-4                          1.3933649586159365E-6
376                      4.7852767258775104E-8                         6.449839955146926E-4                          1.3976319305179587E-6
377                      4.7915186696119346E-8                         6.464972379636036E-4                          1.4018370986999543E-6
378                      4.797656747794287E-8                          6.479849224431204E-4                          1.4059804631619236E-6
379                      4.803690960424566E-8                          6.49447048953243E-4                           1.4100620239038662E-6
380                      4.809621307502771E-8                          6.508836174939715E-4                          1.4140817809257824E-6
381                      4.815447789028904E-8                          6.522946280653058E-4                          1.418039734227672E-6
382                      4.8211704050029644E-8                         6.536800806672461E-4                          1.421935883809535E-6
383                      4.826789155424952E-8                          6.550399752997923E-4                          1.4257702296713715E-6
384                      4.832304040294866E-8                          6.563743119629441E-4                          1.4295427718131818E-6
385                      4.837715059612706E-8                          6.57683090656702E-4                           1.433253510234965E-6
386                      4.843022213378475E-8                          6.589663113810658E-4                          1.4369024449367224E-6
387                      4.84822550159217E-8                           6.602239741360353E-4                          1.4404895759184526E-6
388                      4.8533249242537924E-8                         6.614560789216109E-4                          1.4440149031801567E-6
389                      4.858320481363342E-8                          6.626626257377922E-4                          1.4474784267218343E-6
390                      4.8632121729208173E-8                         6.638436145845794E-4                          1.450880146543485E-6
391                      4.8679999989262206E-8                         6.649990454619725E-4                          1.4542200626451095E-6
392                      4.87268395937955E-8                           6.661289183699714E-4                          1.4574981750267077E-6
393                      4.877264054280808E-8                          6.672332333085762E-4                          1.4607144836882788E-6
394                      4.8817402836299924E-8                         6.68311990277787E-4                           1.4638689886298239E-6
395                      4.886112647427103E-8                          6.693651892776034E-4                          1.466961689851342E-6
396                      4.890381145672141E-8                          6.703928303080258E-4                          1.469992587352834E-6
397                      4.894545778365107E-8                          6.713949133690542E-4                          1.4729616811342993E-6
398                      4.898606545505999E-8                          6.723714384606882E-4                          1.475868971195738E-6
399                      4.902563447094819E-8                          6.733224055829282E-4                          1.4787144575371503E-6
400                      4.9064164831315637E-8                         6.742478147357742E-4                          1.4814981401585361E-6
401                      4.910165653616238E-8                          6.751476659192259E-4                          1.4842200190598954E-6
402                      4.913810958548838E-8                          6.760219591332835E-4                          1.4868800942412281E-6
403                      4.917352397929366E-8                          6.76870694377947E-4                           1.4894783657025343E-6
404                      4.92078997175782E-8                           6.776938716532163E-4                          1.492014833443814E-6
405                      4.924123680034201E-8                          6.784914909590917E-4                          1.4944894974650672E-6
406                      4.9273535227585096E-8                         6.792635522955727E-4                          1.496902357766294E-6
407                      4.9304794999307446E-8                         6.800100556626596E-4                          1.499253414347494E-6
408                      4.933501611550907E-8                          6.807310010603525E-4                          1.5015426672086676E-6
409                      4.936419857618997E-8                          6.814263884886511E-4                          1.5037701163498148E-6
410                      4.939234238135013E-8                          6.820962179475557E-4                          1.5059357617709352E-6
411                      4.9421309064360295E-8                         6.827821173130074E-4                          1.5081250756364155E-6
412                      4.945660118235736E-8                          6.836071355560626E-4                          1.5105907074423874E-6
413                      4.949132885746935E-8                          6.844172002406236E-4                          1.513016308965751E-6
414                      4.952549208969628E-8                          6.852123113666905E-4                          1.5154018802065062E-6
415                      4.955909087903815E-8                          6.859924689342635E-4                          1.5177474211646535E-6
416                      4.9592125225494956E-8                         6.867576729433422E-4                          1.5200529318401922E-6
417                      4.962459512906669E-8                          6.875079233939268E-4                          1.5223184122331228E-6
418                      4.965650058975337E-8                          6.882432202860172E-4                          1.5245438623434452E-6
419                      4.968784160755498E-8                          6.889635636196139E-4                          1.5267292821711594E-6
420                      4.971861818247153E-8                          6.896689533947161E-4                          1.5288746717162653E-6
421                      4.974883031450301E-8                          6.903593896113243E-4                          1.5309800309787629E-6
422                      4.977847800364943E-8                          6.910348722694386E-4                          1.533045359958652E-6
423                      4.980756124991079E-8                          6.916954013690585E-4                          1.5350706586559332E-6
424                      4.9836080053287084E-8                         6.923409769101844E-4                          1.537055927070606E-6
425                      4.9864034413778314E-8                         6.929715988928163E-4                          1.5390011652026705E-6
426                      4.989142433138449E-8                          6.935872673169541E-4                          1.540906373052127E-6
427                      4.991824980610559E-8                          6.941879821825977E-4                          1.5427715506189748E-6
428                      4.994451083794162E-8                          6.947737434897472E-4                          1.5445966979032147E-6
429                      4.9970207426892595E-8                         6.953445512384027E-4                          1.5463818149048464E-6
430                      4.9995339572958514E-8                         6.95900405428564E-4                           1.5481269016238695E-6
431                      5.001990727613936E-8                          6.964413060602312E-4                          1.5498319580602845E-6
432                      5.0043910536435136E-8                         6.969672531334043E-4                          1.5514969842140911E-6
433                      5.006734935384585E-8                          6.974782466480834E-4                          1.5531219800852896E-6
434                      5.009022372837151E-8                          6.979742866042683E-4                          1.5547069456738797E-6
435                      5.011253366001211E-8                          6.98455373001959E-4                           1.5562518809798619E-6
436                      5.0134279148767636E-8                         6.989215058411558E-4                          1.5577567860032355E-6
437                      5.01554601946381E-8                           6.993726851218584E-4                          1.559221660744001E-6
438                      5.0176076797623494E-8                         6.99808910844067E-4                           1.5606465052021584E-6
439                      5.019612895772384E-8                          7.002301830077814E-4                          1.5620313193777073E-6
440                      5.021561667493911E-8                          7.006365016130015E-4                          1.563376103270648E-6
441                      5.023453994926931E-8                          7.010278666597279E-4                          1.5646808568809804E-6
442                      5.025289878071445E-8                          7.014042781479599E-4                          1.5659455802087045E-6
443                      5.027069316927454E-8                          7.01765736077698E-4                           1.5671702732538203E-6
444                      5.028792311494956E-8                          7.021122404489419E-4                          1.568354936016328E-6
445                      5.0304588617739514E-8                         7.024437912616917E-4                          1.5694995684962274E-6
446                      5.0320689677644405E-8                         7.027603885159473E-4                          1.5706041706935185E-6
447                      5.0336226294664234E-8                         7.03062032211709E-4                           1.5716687426082015E-6
448                      5.035119846879899E-8                          7.033487223489764E-4                          1.5726932842402761E-6
449                      5.0370073853035215E-8                         7.037306292762879E-4                          1.5739071778280717E-6
450                      5.039044152778024E-8                          7.041483007817948E-4                          1.5751866397800105E-6
451                      5.041057160198254E-8                          7.04559078516549E-4                           1.5764428524814163E-6
452                      5.043046407564213E-8                          7.049629624805502E-4                          1.5776758159322891E-6
453                      5.045011894875901E-8                          7.053599526737988E-4                          1.5788855301326287E-6
454                      5.046953622133316E-8                          7.057500490962944E-4                          1.5800719950824357E-6
455                      5.048871589336459E-8                          7.061332517480374E-4                          1.5812352107817092E-6
456                      5.050765796485331E-8                          7.065095606290276E-4                          1.5823751772304499E-6
457                      5.0526362435799307E-8                         7.068789757392648E-4                          1.5834918944286573E-6
458                      5.0544829306202585E-8                         7.072414970787493E-4                          1.5845853623763322E-6
459                      5.056305857606314E-8                          7.075971246474808E-4                          1.5856555810734738E-6
460                      5.058105024538099E-8                          7.079458584454599E-4                          1.5867025505200826E-6
461                      5.059880431415611E-8                          7.082876984726859E-4                          1.5877262707161582E-6
462                      5.061632078238851E-8                          7.086226447291593E-4                          1.5887267416617007E-6
463                      5.0633599650078196E-8                         7.089506972148797E-4                          1.5897039633567102E-6
464                      5.0650640917225164E-8                         7.092718559298473E-4                          1.590657935801187E-6
465                      5.066744458382941E-8                          7.095861208740623E-4                          1.5915886589951304E-6
466                      5.0684010649890935E-8                         7.098934920475243E-4                          1.592496132938541E-6
467                      5.070033911540976E-8                          7.101939694502337E-4                          1.5933803576314184E-6
468                      5.071642998038584E-8                          7.104875530821901E-4                          1.594241333073763E-6
469                      5.073228324481922E-8                          7.107742429433938E-4                          1.5950790592655744E-6
470                      5.0747898908709876E-8                         7.110540390338445E-4                          1.5958935362068532E-6
471                      5.0763276972057814E-8                         7.113269413535426E-4                          1.5966847638975985E-6
472                      5.0778417434863026E-8                         7.11592949902488E-4                           1.597452742337811E-6
473                      5.0793320297125526E-8                         7.118520646806803E-4                          1.5981974715274904E-6
474                      5.080798555884531E-8                          7.121042856881199E-4                          1.5989189514666367E-6
475                      5.0822413220022366E-8                         7.123496129248068E-4                          1.59961718215525E-6
476                      5.083660328065671E-8                          7.125880463907409E-4                          1.6002921635933307E-6
477                      5.085055574074835E-8                          7.128195860859219E-4                          1.600943895780878E-6
478                      5.086427060029725E-8                          7.130442320103505E-4                          1.6015723787178922E-6
479                      5.087774785930343E-8                          7.132619841640261E-4                          1.602177612404374E-6
480                      5.089098751776691E-8                          7.134728425469489E-4                          1.602759596840322E-6
