% Model:              Single sender-receiver.mph
% Version:            COMSOL 6.4.0.293
% Date:               Jul 30 2026, 11:24
% Table:              Table 1 - Point Evaluation 1
% Time (min)             Molar concentration, rS6 (mol/m^3), Point: 10 Molar concentration, rTh (mol/m^3), Point: 10 Molar concentration, rGRep6 (mol/m^3), Point: 10
0                        2.7041654918367107E-53                        -9.891334544800307E-52                        -1.9782669089600573E-54
1                        2.5902019365143418E-20                        -1.9036808627868788E-17                       -3.807361723989746E-20
2                        1.9703005272494458E-16                        -2.835811457877934E-13                        -5.665456210219642E-16
3                        5.268364808842596E-15                         -1.0032278624795678E-11                       -1.9921782772091962E-14
4                        3.3937024311664654E-14                        -8.028992133708296E-11                        -1.6267724004299808E-13
5                        1.2474178765328752E-13                        -3.660580574470476E-10                        -7.992906485440236E-13
6                        3.076182422970292E-13                         -1.018326428529776E-9                         -2.4133647137669196E-12
7                        6.020803650105543E-13                         -2.160256082227371E-9                         -5.455915417953221E-12
8                        1.0239895339902948E-12                        -3.934859361870366E-9                         -1.0272694730391837E-11
9                        1.5793158563351667E-12                        -6.479350612758813E-9                         -1.695029239364227E-11
10                       2.26809041750516E-12                          -9.801698642925837E-9                         -2.5957981463284546E-11
11                       3.0873852876505933E-12                        -1.3583699998290811E-8                        -3.746585536114425E-11
12                       4.034552413101524E-12                         -1.754914214280775E-8                         -5.10974313244182E-11
13                       5.104387625295458E-12                         -2.0717977026730143E-8                        -6.664585663629162E-11
14                       6.294037280870249E-12                         -2.250664531518633E-8                         -8.40442768641434E-11
15                       7.610471085559229E-12                         -2.299109947500873E-8                         -1.023060039589536E-10
16                       9.064258573444295E-12                         -2.2015187480519285E-8                        -1.196857857711759E-10
17                       1.0652225038596879E-11                        -1.955797591396006E-8                         -1.365574229306167E-10
18                       1.2408052846457749E-11                        -1.4195577266653968E-8                        -1.4530546008457384E-10
19                       1.4317657926702296E-11                        -6.5233811896575886E-9                        -1.4911425223121351E-10
20                       1.6437463231287033E-11                        3.0937486346995562E-9                         -1.4033454451366875E-10
21                       1.8768781378260457E-11                        1.4647324053315707E-8                         -1.1878838541337488E-10
22                       2.1300746330547358E-11                        2.8207611193043628E-8                         -8.594888266380157E-11
23                       2.4033358088147746E-11                        4.377461005388332E-8                          -4.181603626494876E-11
24                       2.7011106741530533E-11                        6.047396493487834E-8                          1.0226063458489722E-11
25                       3.0513952501676634E-11                        7.280366844669432E-8                          4.888254766506565E-11
26                       3.4341917774732014E-11                        8.469384407091857E-8                          8.936449444844587E-11
27                       3.849500256069668E-11                         9.614449180755105E-8                          1.316719038086303E-10
28                       4.2973206859570624E-11                        1.0715561165659174E-7                         1.75804775745619E-10
29                       4.83800122487062E-11                          1.1857825209473416E-7                         2.187473139400238E-10
30                       5.435830883020422E-11                         1.2990880564492378E-7                         2.6228411423721656E-10
31                       6.090000489637927E-11                         1.4113586112949103E-7                         3.064556135671236E-10
32                       6.800510044723132E-11                         1.5225941854843578E-7                         3.5126181192974504E-10
33                       7.639888766909576E-11                         1.600965778073917E-7                          4.034875011717286E-10
34                       8.584133343888E-11                            1.657007094851911E-7                          4.6088727618990785E-10
35                       9.620315522452497E-11                         1.6963916201222256E-7                         5.222517553227209E-10
36                       1.0748435302603074E-10                        1.7191193538848612E-7                         5.875809385701681E-10
37                       1.2071158083266128E-10                        1.9179839377753268E-7                         6.540699596359498E-10
38                       1.359469800054156E-10                         2.304654794411646E-7                          7.21549045440825E-10
39                       1.5275574515393546E-10                        2.797480544179523E-7                          7.912061044696569E-10
40                       1.7113787627822089E-10                        3.3964611870789577E-7                         8.630411367224455E-10
41                       1.9238201904212096E-10                        4.0465333066966575E-7                         9.438437633130409E-10
42                       2.1741124420775928E-10                        4.708254385062298E-7                          1.03847746293998E-9
43                       2.45154496139289E-10                          5.427390286395125E-7                          1.1412990536462205E-9
44                       2.756117748367101E-10                         6.203941010695142E-7                          1.2523085354317626E-9
45                       3.104012539942518E-10                         7.196050110266511E-7                          1.3916933915574754E-9
46                       3.528360018768868E-10                         8.727502594294285E-7                          1.6007857178173865E-9
47                       4.002410585156609E-10                         1.053687555541661E-6                          1.8462141216413794E-9
48                       4.5261642391057416E-10                        1.2624168993633496E-6                         2.1279786030294533E-9
49                       5.114875139851008E-10                         1.498350688146479E-6                          2.446557038887194E-9
50                       5.863711272351219E-10                         1.7578229729112188E-6                         2.8049308181894332E-9
51                       6.708171729326606E-10                         2.0433183816061665E-6                         3.2010792793248767E-9
52                       7.648256510777166E-10                         2.3548369142313236E-6                         3.635002422293523E-9
53                       8.6839656167029E-10                           2.6923785707866884E-6                         4.106700247095372E-9
54                       9.974789790072077E-10                         3.0727027681321326E-6                         5.14580543659895E-9
55                       1.142547727965608E-9                          3.4858003748549913E-6                         6.436008469560309E-9
56                       1.3034444232473335E-9                         3.931504958397053E-6                          7.97204972847255E-9
57                       1.4801690648523836E-9                         4.40981651875832E-6                           9.753929213335677E-9
58                       1.7128785545356333E-9                         5.1142775714852655E-6                         1.1110358420389516E-8
59                       1.987967031331667E-9                          5.979312525774188E-6                          1.2268781640670134E-8
60                       2.29847551973664E-9                           6.971381502655792E-6                          1.3345529568268313E-8
61                       2.6444040197505523E-9                         8.090484502130077E-6                          1.434060220318405E-8
62                       3.0248745081155127E-9                         9.38074156379415E-6                           1.5718709002847675E-8
63                       3.439844647848381E-9                          1.0844280090715947E-5                         1.7502257570118765E-8
64                       3.889679550185291E-9                          1.246275350488533E-5                          1.949800627623511E-8
65                       4.374379215126245E-9                          1.42361618063023E-5                           2.170595512119672E-8
66                       4.925607246754774E-9                          1.615456797963174E-5                          2.4198986154276043E-8
67                       5.5653476783286675E-9                         1.8211072757341302E-5                         2.702770136603847E-8
68                       6.267715233978682E-9                          2.0413799737192888E-5                         3.0132519037790313E-8
69                       7.032709913704818E-9                          2.2762748919186483E-5                         3.351343916953158E-8
70                       7.892747969505001E-9                          2.5375093549892696E-5                         3.7272809631022063E-8
71                       8.912565539748155E-9                          2.8484831794911138E-5                         4.161502190647645E-8
72                       1.0039582368254489E-8                         3.190190468868053E-5                          4.637406429251308E-8
73                       1.1273798455024E-8                            3.5626312231200876E-5                         5.154993678913194E-8
74                       1.2636606049978406E-8                         3.965008821167047E-5                          5.747168381370049E-8
75                       1.4256883275379082E-8                         4.39252400022256E-5                           6.612164134331775E-8
76                       1.6046988056630308E-8                         4.848440443367566E-5                          7.615174475281524E-8
77                       1.800692039373208E-8                          5.332758150602065E-5                          8.756199404219299E-8
78                       2.0136680286684403E-8                         5.845477121926056E-5                          1.0035238921145098E-7
79                       2.2687967512651313E-8                         6.460397800510596E-5                          1.1611311234136501E-7
80                       2.5509094270427667E-8                         7.133044076449207E-5                          1.3388583432228512E-7
81                       2.859842927332756E-8                          7.862937643079429E-5                          1.5366024905507307E-7
82                       3.1955972521351005E-8                         8.65007850040126E-5                           1.7543635653972884E-7
83                       3.591571267921106E-8                          9.654732992848972E-5                          2.0115597317305242E-7
84                       4.0361886158241264E-8                         1.0821351309502766E-4                         2.3014604726684326E-7
85                       4.5238252967588955E-8                         1.212294637356255E-4                          2.6207959845340726E-7
86                       5.054481310725414E-8                          1.3559518185028322E-4                         2.969566267327444E-7
87                       5.670480895849681E-8                          1.5202700154233237E-4                         3.36645509086156E-7
88                       6.373350432530534E-8                          1.70550756669221E-4                           3.812136266202652E-7
89                       7.14581127548878E-8                           1.908740076402822E-4                          4.29898224362103E-7
90                       7.987863424724416E-8                          2.1299675445551598E-4                         4.826993023116693E-7
91                       8.94952212316914E-8                           2.3809988447989365E-4                         5.416917141838729E-7
92                       1.0064430642290589E-7                         2.6697773383703807E-4                         6.08271131831824E-7
93                       1.1292371857322952E-7                         2.9868075411515287E-4                         6.80769170862445E-7
94                       1.2633345768266235E-7                         3.332089453142379E-4                          7.591858312757357E-7
95                       1.413899446465611E-7                          3.7193332912767094E-4                         8.456498215671137E-7
96                       1.5909912975460617E-7                         4.1752455595324076E-4                         9.443077108372169E-7
97                       1.7863898364350348E-7                         4.678002584626644E-4                          1.0517710597241613E-6
98                       2.000095063132531E-7                          5.227604366559418E-4                          1.168039868227946E-6
99                       2.236035465020023E-7                          5.829898892472807E-4                          1.2947632846447582E-6
100                      2.51707996611316E-7                           6.518929080317234E-4                          1.4415415045241348E-6
101                      2.8276238627317765E-7                         7.271465606025635E-4                          1.6018237952334576E-6
102                      3.167667154875871E-7                          8.087508469598011E-4                          1.775610156772727E-6
103                      3.5372098425454445E-7                         8.967057671034364E-4                          1.9629005891419418E-6
104                      3.981264951857683E-7                          9.969088749434672E-4                          2.1830631982605783E-6
105                      4.4724628456603464E-7                         0.001105774232707521                          2.4243214368251474E-6
106                      5.010665820088245E-7                          0.0012232837985966206                         2.68661605391927E-6
107                      5.595873875141381E-7                          0.0013494375726107656                         2.9699470495429448E-6
108                      6.284599416975612E-7                          0.0014845332090838608                         3.2999706381269814E-6
109                      7.05681877230993E-7                           0.0016284652420919044                         3.6675962200962497E-6
110                      7.903290409017598E-7                          0.0017811849959143504                         4.068628208215288E-6
111                      8.824014327098613E-7                          0.0019426924705511987                         4.503066602484095E-6
112                      9.888671692377067E-7                          0.0021084761348428354                         5.000860538236635E-6
113                      1.1098939137169535E-6                         0.002278427434650563                          5.562730636139346E-6
114                      1.242689196353714E-6                          0.002454354364191816                          6.176674792785367E-6
115                      1.3872530171479891E-6                         0.0026362569234665944                         6.842693008174701E-6
116                      1.5520285249323978E-6                         0.0028183520663160864                         7.589048002334418E-6
117                      1.7425154445345093E-6                         0.002996872813954398                          8.434149634679412E-6
118                      1.9520360208908914E-6                         0.0031763930246108073                         9.35564469013452E-6
119                      2.1805902540015437E-6                         0.003356912698285313                          1.0353533168699739E-5
120                      2.4364712053824086E-6                         0.0035331097863472737                         1.1451732439227717E-5
121                      2.7354362154458793E-6                         0.003694872060423232                          1.2695687012416387E-5
122                      3.064529137472166E-6                          0.00385051409080498                           1.4048031080787958E-5
123                      3.4237499714612684E-6                         0.004000035877492519                          1.550876464434243E-5
124                      3.815608071009812E-6                          0.004141282461460828                          1.708591868529496E-5
125                      4.254226900211406E-6                          0.004262125027363218                          1.882469420246245E-5
126                      4.729936033556765E-6                          0.004370868252051534                          2.0694141785055375E-5
127                      5.242735471045887E-6                          0.004467512135525775                          2.269426143307374E-5
128                      5.792605796096202E-6                          0.004552056485482047                          2.4825037296814312E-5
129                      6.321696996908504E-6                          0.004623928349257413                          2.7039246569920263E-5
130                      6.86547049179624E-6                           0.004683478940506326                          2.9365836311140116E-5
131                      7.423926280759411E-6                          0.004730708259228787                          3.180480652047387E-5
132                      7.997064363798013E-6                          0.004765616305424796                          3.4356157197921524E-5
133                      8.493095034488015E-6                          0.004796772897908788                          3.68504789560383E-5
134                      8.945242600572164E-6                          0.004821076095202978                          3.9349091411611874E-5
135                      9.368075947154856E-6                          0.004837165693527041                          4.1878883264883726E-5
136                      9.76159507423609E-6                           0.004845041692880977                          4.443985451585386E-5
137                      1.0102035527213215E-5                         0.0048526968968305014                         4.68735226648311E-5
138                      1.0389107185294537E-5                         0.004860228882977845                          4.9177952928583603E-5
139                      1.0632157705160258E-5                         0.004864493712827724                          5.14154837879098E-5
140                      1.0831187086810382E-5                         0.004865491386380138                          5.3586115242809705E-5
141                      1.1006925939059236E-5                         0.004866062678728458                          5.564449016409587E-5
142                      1.117244406188373E-5                          0.004867998582244502                          5.756201273910723E-5
143                      1.1311614376963697E-5                         0.004869089156890764                          5.937396789272628E-5
144                      1.1424436884299141E-5                         0.004869334402667244                          6.108035562495303E-5
145                      1.1542679582843665E-5                         0.0048701840313292175                         6.266689456932873E-5
146                      1.1659739489829497E-5                         0.00487133672009736                           6.413655310975334E-5
147                      1.1768580539823135E-5                         0.004872471382749503                          6.549249432329161E-5
148                      1.186965335889414E-5                          0.00487358660836571                           6.673713455808108E-5
149                      1.197268127805138E-5                          0.004874651952987049                          6.792261228182445E-5
150                      1.207188736054624E-5                          0.004875685504326978                          6.901795039111821E-5
151                      1.2167271606378722E-5                         0.004876687262385492                          7.00231488859624E-5
152                      1.2259936391825814E-5                         0.00487765931378704                           7.095884483634965E-5
153                      1.235211191619674E-5                          0.004878605879947198                          7.186678875905263E-5
154                      1.244211294908626E-5                          0.004879523770990579                          7.271543224491853E-5
155                      1.252993949049438E-5                          0.0048804129869171806                         7.350477529394736E-5
156                      1.261559154042109E-5                          0.004881273527727006                          7.423481790613909E-5
157                      1.2699069098866394E-5                         0.004882105393420053                          7.490556008149377E-5
158                      1.2780372165830292E-5                         0.004882908583996323                          7.551700182001137E-5
159                      1.2859500741312786E-5                         0.004883683099455815                          7.60691431216919E-5
160                      1.2936712519314144E-5                         0.004884460045847925                          7.662016500722512E-5
161                      1.3011850347225425E-5                         0.0048852204533991585                         7.71345862501082E-5
162                      1.3084883843599016E-5                         0.004885960654787772                          7.760554746040305E-5
163                      1.3155813008434914E-5                         0.004886680650013764                          7.803304863810963E-5
164                      1.3224637841733118E-5                         0.004887380439077137                          7.841708978322799E-5
165                      1.329135834349363E-5                          0.004888060021977888                          7.875767089575813E-5
166                      1.3355974513716449E-5                         0.004888719398716019                          7.90547919757E-5
167                      1.3419219831748868E-5                         0.004889357745301335                          7.93405033455664E-5
168                      1.3481626698262995E-5                         0.004889974463635288                          7.96380689367962E-5
169                      1.3542358490734152E-5                         0.004890570493579047                          7.991093145321378E-5
170                      1.360141520916233E-5                          0.004891145835132611                          8.015909089481915E-5
171                      1.3658796853547536E-5                         0.0048917004882959815                         8.038254726161232E-5
172                      1.3714503423889765E-5                         0.004892234453069156                          8.058130055359328E-5
173                      1.376853492018902E-5                          0.004892747729452136                          8.0755350770762E-5
174                      1.3820891342445302E-5                         0.004893240317444922                          8.090469791311852E-5
175                      1.3873112242072398E-5                         0.004893742279948905                          8.107381502289373E-5
176                      1.3924048830990848E-5                         0.004894231184518864                          8.1229517043509E-5
177                      1.3973680886880201E-5                         0.004894706636272488                          8.137121981252379E-5
178                      1.402200840974046E-5                          0.004895168635209774                          8.149892332993811E-5
179                      1.4069031399571628E-5                         0.0048956171813307236                         8.161262759575196E-5
180                      1.4114749856373698E-5                         0.004896052274635335                          8.17123326099653E-5
181                      1.4159163780146676E-5                         0.00489647391512361                           8.179803837257818E-5
182                      1.4202867947537342E-5                         0.004896881126924729                          8.188509457556805E-5
183                      1.4245993466779387E-5                         0.004897273694924836                          8.197688479327965E-5
184                      1.4288091833922141E-5                         0.004897652355000027                          8.206183426478253E-5
185                      1.4329163048965606E-5                         0.004898017107150303                          8.213994299007663E-5
186                      1.4369207111909771E-5                         0.00489836795137566                           8.221121096916202E-5
187                      1.4408224022754647E-5                         0.004898704887676102                          8.227563820203867E-5
188                      1.444621378150023E-5                          0.004899027916051626                          8.233322468870656E-5
189                      1.4483277221051241E-5                         0.004899341294244836                          8.238550372921339E-5
190                      1.4520512440721731E-5                         0.004899691390296416                          8.244917340178277E-5
191                      1.4557021873927038E-5                         0.004900040303805753                          8.251058499827888E-5
192                      1.459280552066716E-5                          0.0049003880347728455                         8.256973851870176E-5
193                      1.4627863380942102E-5                         0.0049007345831976945                         8.262663396305134E-5
194                      1.4662195454751862E-5                         0.004901079949080301                          8.268127133132768E-5
195                      1.4695801742096438E-5                         0.0049014241324206636                         8.273365062353075E-5
196                      1.4728682242975828E-5                         0.004901767133218783                          8.278377183966057E-5
197                      1.4760836957390037E-5                         0.004902108951474657                          8.283163497971713E-5
198                      1.4792265885339064E-5                         0.00490244958718829                           8.287724004370042E-5
199                      1.4822969026822908E-5                         0.0049027890403596786                         8.292058703161045E-5
200                      1.4852946381841565E-5                         0.004903127310988823                          8.296167594344723E-5
201                      1.4882197950395043E-5                         0.0049034643990757245                         8.300050677921076E-5
202                      1.4910723732483338E-5                         0.0049038003046203826                         8.303707953890099E-5
203                      1.4938523728106447E-5                         0.004904135027622796                          8.3071394222518E-5
204                      1.496434408241695E-5                          0.004904449759980431                          8.310204390486824E-5
205                      1.4984603244449955E-5                         0.004904684992572538                          8.312587041885337E-5
206                      1.5004862406482958E-5                         0.004904920225164646                          8.314969693283848E-5
207                      1.5025121568515963E-5                         0.004905155457756753                          8.317352344682359E-5
208                      1.5045380730548968E-5                         0.0049053906903488605                         8.31973499608087E-5
209                      1.5065639892581971E-5                         0.004905625922940968                          8.322117647479383E-5
210                      1.5085899054614975E-5                         0.004905861155533075                          8.324500298877894E-5
211                      1.5106158216647978E-5                         0.004906096388125183                          8.326882950276405E-5
212                      1.5126417378680983E-5                         0.00490633162071729                           8.329265601674916E-5
213                      1.5146676540713986E-5                         0.004906566853309397                          8.331648253073428E-5
214                      1.5166935702746991E-5                         0.004906802085901504                          8.334030904471939E-5
215                      1.5187194864779996E-5                         0.004907037318493611                          8.33641355587045E-5
216                      1.5207454026813E-5                            0.004907272551085719                          8.338796207268961E-5
217                      1.5227713188846005E-5                         0.004907507783677827                          8.341178858667475E-5
218                      1.524797235087901E-5                          0.004907743016269934                          8.343561510065986E-5
219                      1.5265989076365813E-5                         0.004907943904173034                          8.34562338450236E-5
220                      1.527866527314996E-5                          0.0049080629976558056                         8.346921304847658E-5
221                      1.529134146993411E-5                          0.004908182091138576                          8.348219225192954E-5
222                      1.5304017666718255E-5                         0.004908301184621347                          8.349517145538251E-5
223                      1.5316693863502405E-5                         0.004908420278104118                          8.350815065883549E-5
224                      1.5329370060286554E-5                         0.004908539371586889                          8.352112986228846E-5
225                      1.53420462570707E-5                           0.0049086584650696605                         8.353410906574144E-5
226                      1.5354722453854847E-5                         0.004908777558552431                          8.354708826919442E-5
227                      1.5367398650638996E-5                         0.004908896652035202                          8.356006747264739E-5
228                      1.5380074847423142E-5                         0.004909015745517973                          8.357304667610037E-5
229                      1.5392751044207292E-5                         0.004909134839000744                          8.358602587955335E-5
230                      1.540542724099144E-5                          0.004909253932483514                          8.359900508300632E-5
231                      1.5418103437775588E-5                         0.004909373025966285                          8.361198428645929E-5
232                      1.5430779634559737E-5                         0.004909492119449056                          8.362496348991227E-5
233                      1.5443455831343884E-5                         0.004909611212931827                          8.363794269336525E-5
234                      1.545613202812803E-5                          0.004909730306414598                          8.365092189681822E-5
235                      1.546880822491218E-5                          0.004909849399897369                          8.36639011002712E-5
236                      1.548148442169633E-5                          0.00490996849338014                           8.367688030372417E-5
237                      1.5494160618480475E-5                         0.004910087586862911                          8.368985950717715E-5
238                      1.5506836815264625E-5                         0.004910206680345682                          8.370283871063013E-5
239                      1.5519513012048774E-5                         0.004910325773828453                          8.37158179140831E-5
240                      1.553218920883292E-5                          0.004910444867311224                          8.372879711753606E-5
241                      1.5544865405617067E-5                         0.004910563960793995                          8.374177632098904E-5
242                      1.5557541602401216E-5                         0.004910683054276766                          8.375475552444202E-5
243                      1.5570217799185362E-5                         0.004910802147759537                          8.376773472789499E-5
244                      1.5582893995969512E-5                         0.004910921241242308                          8.378071393134797E-5
245                      1.559557019275366E-5                          0.004911040334725079                          8.379369313480095E-5
246                      1.5608246389537808E-5                         0.00491115942820785                           8.380667233825392E-5
247                      1.5620922586321957E-5                         0.004911278521690621                          8.38196515417069E-5
248                      1.5633598783106104E-5                         0.004911397615173392                          8.383263074515988E-5
249                      1.5643890522968154E-5                         0.004911482009508263                          8.384286129743203E-5
250                      1.5651823005004536E-5                         0.004911532071398097                          8.385037224644853E-5
251                      1.565975548704092E-5                          0.004911582133287931                          8.385788319546503E-5
252                      1.5667687969077303E-5                         0.004911632195177765                          8.386539414448151E-5
253                      1.5675620451113685E-5                         0.004911682257067599                          8.3872905093498E-5
254                      1.568355293315007E-5                          0.004911732318957433                          8.38804160425145E-5
255                      1.5691485415186453E-5                         0.004911782380847266                          8.388792699153099E-5
256                      1.5699417897222835E-5                         0.0049118324427371                            8.389543794054748E-5
257                      1.570735037925922E-5                          0.004911882504626933                          8.390294888956397E-5
258                      1.5715282861295602E-5                         0.0049119325665167675                         8.391045983858046E-5
259                      1.5723215343331984E-5                         0.0049119826284066016                         8.391797078759696E-5
260                      1.573114782536837E-5                          0.004912032690296435                          8.392548173661344E-5
261                      1.5739080307404752E-5                         0.004912082752186269                          8.393299268562994E-5
262                      1.5747012789441134E-5                         0.004912132814076103                          8.394050363464642E-5
263                      1.575494527147752E-5                          0.004912182875965937                          8.394801458366292E-5
264                      1.57628777535139E-5                           0.00491223293785577                           8.39555255326794E-5
265                      1.5770810235550283E-5                         0.0049122829997456045                         8.396303648169589E-5
266                      1.577874271758667E-5                          0.004912333061635438                          8.397054743071238E-5
267                      1.578667519962305E-5                          0.004912383123525272                          8.397805837972888E-5
268                      1.5794607681659433E-5                         0.004912433185415105                          8.398556932874537E-5
269                      1.5802540163695818E-5                         0.004912483247304939                          8.399308027776186E-5
270                      1.58104726457322E-5                           0.004912533309194773                          8.400059122677836E-5
271                      1.5818405127768582E-5                         0.0049125833710846065                         8.400810217579484E-5
272                      1.5826337609804964E-5                         0.004912633432974441                          8.401561312481134E-5
273                      1.583427009184135E-5                          0.004912683494864275                          8.402312407382784E-5
274                      1.5842202573877735E-5                         0.004912733556754109                          8.403063502284432E-5
275                      1.5850135055914117E-5                         0.004912783618643942                          8.403814597186082E-5
276                      1.58580675379505E-5                           0.004912833680533776                          8.40456569208773E-5
277                      1.5866000019986884E-5                         0.00491288374242361                           8.40531678698938E-5
278                      1.5873932502023266E-5                         0.0049129338043134435                         8.40606788189103E-5
279                      1.5879145554059194E-5                         0.004912961752853927                          8.406599487709374E-5
280                      1.5883245649805686E-5                         0.004912980651265803                          8.407041265234407E-5
281                      1.5887345745552175E-5                         0.0049129995496776805                         8.40748304275944E-5
282                      1.5891445841298664E-5                         0.0049130184480895575                         8.407924820284472E-5
283                      1.5895545937045153E-5                         0.004913037346501434                          8.408366597809503E-5
284                      1.5899646032791642E-5                         0.004913056244913311                          8.408808375334536E-5
285                      1.590374612853813E-5                          0.004913075143325188                          8.409250152859569E-5
286                      1.590784622428462E-5                          0.004913094041737064                          8.409691930384602E-5
287                      1.591194632003111E-5                          0.004913112940148941                          8.410133707909634E-5
288                      1.59160464157776E-5                           0.004913131838560818                          8.410575485434665E-5
289                      1.5920146511524087E-5                         0.0049131507369726945                         8.411017262959698E-5
290                      1.5924246607270576E-5                         0.0049131696353845716                         8.411459040484731E-5
291                      1.5928346703017065E-5                         0.004913188533796449                          8.411900818009764E-5
292                      1.5932446798763554E-5                         0.004913207432208325                          8.412342595534796E-5
293                      1.5936546894510043E-5                         0.004913226330620202                          8.412784373059828E-5
294                      1.5940646990256536E-5                         0.004913245229032079                          8.41322615058486E-5
295                      1.5944747086003025E-5                         0.004913264127443956                          8.413667928109894E-5
296                      1.594884718174951E-5                          0.004913283025855832                          8.414109705634925E-5
297                      1.5952947277496E-5                            0.004913301924267709                          8.414551483159958E-5
298                      1.595704737324249E-5                          0.0049133208226795864                         8.41499326068499E-5
299                      1.596114746898898E-5                          0.004913339721091463                          8.415435038210023E-5
300                      1.596524756473547E-5                          0.00491335861950334                           8.415876815735056E-5
301                      1.596934766048196E-5                          0.004913377517915217                          8.416318593260087E-5
302                      1.5973447756228448E-5                         0.004913396416327093                          8.41676037078512E-5
303                      1.5977547851974937E-5                         0.00491341531473897                           8.417202148310152E-5
304                      1.5981647947721426E-5                         0.004913434213150847                          8.417643925835185E-5
305                      1.5985748043467915E-5                         0.004913453111562723                          8.418085703360218E-5
306                      1.5989848139214404E-5                         0.0049134720099746005                         8.41852748088525E-5
307                      1.5993948234960893E-5                         0.0049134909083864775                         8.418969258410282E-5
308                      1.5998048330707385E-5                         0.004913509806798354                          8.419411035935314E-5
309                      1.600214842645387E-5                          0.004913528705210231                          8.419852813460347E-5
310                      1.600624852220036E-5                          0.004913547603622108                          8.42029459098538E-5
311                      1.601034861794685E-5                          0.004913566502033984                          8.420736368510412E-5
312                      1.601444871369334E-5                          0.004913585400445862                          8.421178146035445E-5
313                      1.601854880943983E-5                          0.004913604298857738                          8.421619923560476E-5
314                      1.6022648905186315E-5                         0.0049136231972696145                         8.422061701085509E-5
315                      1.6026749000932808E-5                         0.004913642095681492                          8.422503478610542E-5
316                      1.6030849096679297E-5                         0.004913660994093369                          8.422945256135574E-5
317                      1.6034949192425786E-5                         0.004913679892505245                          8.423387033660607E-5
318                      1.603904928817227E-5                          0.004913698790917123                          8.423828811185638E-5
319                      1.6043149383918764E-5                         0.004913717689328999                          8.424270588710671E-5
320                      1.6047249479665253E-5                         0.004913736587740875                          8.424712366235703E-5
321                      1.6051349575411742E-5                         0.004913755486152753                          8.425154143760736E-5
322                      1.605544967115823E-5                          0.004913774384564629                          8.425595921285767E-5
323                      1.605954976690472E-5                          0.004913793282976506                          8.4260376988108E-5
324                      1.606364986265121E-5                          0.0049138121813883835                         8.426479476335833E-5
325                      1.6067749958397698E-5                         0.00491383107980026                           8.426921253860865E-5
326                      1.6071850054144187E-5                         0.004913849978212136                          8.427363031385898E-5
327                      1.6074546803175213E-5                         0.004913860704754273                          8.427640175673348E-5
328                      1.6076669217307756E-5                         0.004913868086869886                          8.427849942018658E-5
329                      1.60787916314403E-5                           0.0049138754689855                            8.428059708363969E-5
330                      1.608091404557284E-5                          0.004913882851101113                          8.42826947470928E-5
331                      1.608303645970538E-5                          0.004913890233216727                          8.428479241054592E-5
332                      1.6085158873837923E-5                         0.00491389761533234                           8.428689007399903E-5
333                      1.6087281287970466E-5                         0.0049139049974479525                         8.428898773745214E-5
334                      1.608940370210301E-5                          0.004913912379563566                          8.429108540090524E-5
335                      1.609152611623555E-5                          0.004913919761679179                          8.429318306435835E-5
336                      1.6093648530368093E-5                         0.004913927143794792                          8.429528072781149E-5
337                      1.6095770944500636E-5                         0.0049139345259104055                         8.429737839126459E-5
338                      1.609789335863318E-5                          0.004913941908026019                          8.42994760547177E-5
339                      1.610001577276572E-5                          0.004913949290141631                          8.430157371817081E-5
340                      1.6102138186898264E-5                         0.004913956672257244                          8.430367138162392E-5
341                      1.6104260601030806E-5                         0.004913964054372858                          8.430576904507702E-5
342                      1.610638301516335E-5                          0.004913971436488471                          8.430786670853014E-5
343                      1.6108505429295888E-5                         0.004913978818604084                          8.430996437198325E-5
344                      1.611062784342843E-5                          0.004913986200719697                          8.431206203543636E-5
345                      1.6112750257560977E-5                         0.00491399358283531                           8.431415969888947E-5
346                      1.611487267169352E-5                          0.004914000964950923                          8.431625736234259E-5
347                      1.611699508582606E-5                          0.004914008347066536                          8.43183550257957E-5
348                      1.61191174999586E-5                           0.004914015729182149                          8.432045268924882E-5
349                      1.6121239914091144E-5                         0.004914023111297763                          8.432255035270193E-5
350                      1.6123362328223686E-5                         0.004914030493413376                          8.432464801615503E-5
351                      1.612548474235623E-5                          0.004914037875528988                          8.432674567960814E-5
352                      1.612760715648877E-5                          0.0049140452576446015                         8.432884334306125E-5
353                      1.6129729570621314E-5                         0.004914052639760215                          8.433094100651437E-5
354                      1.6131851984753853E-5                         0.004914060021875828                          8.433303866996748E-5
355                      1.6133974398886396E-5                         0.004914067403991441                          8.433513633342058E-5
356                      1.613609681301894E-5                          0.0049140747861070545                         8.43372339968737E-5
357                      1.6138219227151485E-5                         0.004914082168222667                          8.433933166032681E-5
358                      1.6140341641284024E-5                         0.00491408955033828                           8.434142932377992E-5
359                      1.6142464055416566E-5                         0.004914096932453893                          8.434352698723304E-5
360                      1.614458646954911E-5                          0.0049141043145695075                         8.434562465068615E-5
361                      1.614670888368165E-5                          0.004914111696685121                          8.434772231413926E-5
362                      1.6148831297814194E-5                         0.004914119078800734                          8.434981997759236E-5
363                      1.6150953711946737E-5                         0.004914126460916346                          8.435191764104547E-5
364                      1.615307612607928E-5                          0.0049141338430319596                         8.43540153044986E-5
365                      1.6155198540211822E-5                         0.004914141225147573                          8.435611296795171E-5
366                      1.615732095434436E-5                          0.004914148607263186                          8.435821063140482E-5
367                      1.6159443368476904E-5                         0.004914155989378799                          8.436030829485793E-5
368                      1.616156578260945E-5                          0.0049141633714944125                         8.436240595831104E-5
369                      1.6163688196741992E-5                         0.004914170753610025                          8.436450362176415E-5
370                      1.616581061087453E-5                          0.004914178135725638                          8.436660128521727E-5
371                      1.6167933025007074E-5                         0.004914185517841251                          8.436869894867037E-5
372                      1.6170055439139617E-5                         0.004914192899956865                          8.437079661212348E-5
373                      1.617217785327216E-5                          0.004914200282072478                          8.437289427557659E-5
374                      1.6174300267404702E-5                         0.004914207664188091                          8.43749919390297E-5
375                      1.617571117322264E-5                          0.004914204015228437                          8.437605988919365E-5
376                      1.6176830886528324E-5                         0.004914195851681314                          8.437670641800042E-5
377                      1.6177950599834008E-5                         0.004914187688134192                          8.43773529468072E-5
378                      1.6179070313139692E-5                         0.00491417952458707                           8.437799947561399E-5
379                      1.6180190026445376E-5                         0.004914171361039949                          8.437864600442078E-5
380                      1.618130973975106E-5                          0.004914163197492827                          8.437929253322757E-5
381                      1.6182429453056743E-5                         0.004914155033945705                          8.437993906203435E-5
382                      1.618354916636243E-5                          0.004914146870398583                          8.438058559084113E-5
383                      1.6184668879668114E-5                         0.004914138706851461                          8.43812321196479E-5
384                      1.6185788592973798E-5                         0.00491413054330434                           8.438187864845468E-5
385                      1.618690830627948E-5                          0.004914122379757218                          8.438252517726147E-5
386                      1.6188028019585165E-5                         0.004914114216210096                          8.438317170606825E-5
387                      1.6189147732890852E-5                         0.0049141060526629735                         8.438381823487503E-5
388                      1.6190267446196536E-5                         0.004914097889115851                          8.438446476368182E-5
389                      1.619138715950222E-5                          0.00491408972556873                           8.43851112924886E-5
390                      1.6192506872807903E-5                         0.004914081562021608                          8.438575782129537E-5
391                      1.6193626586113587E-5                         0.004914073398474487                          8.438640435010215E-5
392                      1.619474629941927E-5                          0.0049140652349273645                         8.438705087890893E-5
393                      1.6195866012724955E-5                         0.004914057071380243                          8.438769740771571E-5
394                      1.6196985726030638E-5                         0.004914048907833121                          8.43883439365225E-5
395                      1.6198105439336325E-5                         0.004914040744285998                          8.438899046532928E-5
396                      1.619922515264201E-5                          0.004914032580738877                          8.438963699413606E-5
397                      1.6200344865947693E-5                         0.004914024417191755                          8.439028352294285E-5
398                      1.6201464579253377E-5                         0.004914016253644633                          8.439093005174963E-5
399                      1.620258429255906E-5                          0.004914008090097511                          8.439157658055641E-5
400                      1.6203704005864744E-5                         0.00491399992655039                           8.439222310936319E-5
401                      1.620482371917043E-5                          0.004913991763003268                          8.439286963816998E-5
402                      1.6205943432476115E-5                         0.0049139835994561456                         8.439351616697676E-5
403                      1.62070631457818E-5                           0.004913975435909024                          8.439416269578353E-5
404                      1.6208182859087482E-5                         0.004913967272361902                          8.439480922459031E-5
405                      1.6209302572393166E-5                         0.00491395910881478                           8.439545575339709E-5
406                      1.621042228569885E-5                          0.004913950945267658                          8.439610228220388E-5
407                      1.6211541999004533E-5                         0.0049139427817205365                         8.439674881101066E-5
408                      1.6212661712310217E-5                         0.004913934618173414                          8.439739533981744E-5
409                      1.6213781425615904E-5                         0.004913926454626292                          8.439804186862422E-5
410                      1.6214901138921588E-5                         0.004913918291079171                          8.439868839743099E-5
411                      1.6216020852227272E-5                         0.004913910127532049                          8.439933492623777E-5
412                      1.6217140565532955E-5                         0.0049139019639849275                         8.439998145504456E-5
413                      1.621826027883864E-5                          0.004913893800437805                          8.440062798385134E-5
414                      1.6219379992144326E-5                         0.004913885636890684                          8.440127451265814E-5
415                      1.622049970545001E-5                          0.004913877473343561                          8.440192104146492E-5
416                      1.6221619418755694E-5                         0.004913869309796439                          8.44025675702717E-5
417                      1.6222739132061377E-5                         0.004913861146249318                          8.440321409907847E-5
418                      1.622385884536706E-5                          0.0049138529827021955                         8.440386062788525E-5
419                      1.622497855867275E-5                          0.004913844819155074                          8.440450715669204E-5
420                      1.6226098271978432E-5                         0.004913836655607952                          8.440515368549882E-5
421                      1.6227217985284112E-5                         0.004913828492060831                          8.44058002143056E-5
422                      1.6228337698589796E-5                         0.004913820328513709                          8.440644674311238E-5
423                      1.6229095398772872E-5                         0.004913806814711119                          8.440712107189161E-5
424                      1.6229704941150233E-5                         0.0049137911112583175                         8.440780677811177E-5
425                      1.623031448352759E-5                          0.004913775407805517                          8.440849248433194E-5
426                      1.623092402590495E-5                          0.004913759704352717                          8.44091781905521E-5
427                      1.6231533568282308E-5                         0.004913744000899916                          8.440986389677227E-5
428                      1.6232143110659665E-5                         0.004913728297447116                          8.441054960299244E-5
429                      1.6232752653037022E-5                         0.0049137125939943144                         8.44112353092126E-5
430                      1.6233362195414383E-5                         0.004913696890541514                          8.441192101543277E-5
431                      1.623397173779174E-5                          0.004913681187088714                          8.441260672165293E-5
432                      1.62345812801691E-5                           0.004913665483635914                          8.44132924278731E-5
433                      1.6235190822546457E-5                         0.0049136497801831125                         8.441397813409326E-5
434                      1.6235800364923814E-5                         0.004913634076730312                          8.441466384031342E-5
435                      1.623640990730117E-5                          0.004913618373277511                          8.441534954653359E-5
436                      1.6237019449678532E-5                         0.00491360266982471                           8.441603525275375E-5
437                      1.623762899205589E-5                          0.004913586966371911                          8.441672095897392E-5
438                      1.6238238534433246E-5                         0.0049135712629191095                         8.441740666519407E-5
439                      1.6238848076810604E-5                         0.004913555559466309                          8.441809237141425E-5
440                      1.623945761918796E-5                          0.004913539856013508                          8.44187780776344E-5
441                      1.624006716156532E-5                          0.004913524152560708                          8.441946378385456E-5
442                      1.6240676703942678E-5                         0.004913508449107908                          8.442014949007473E-5
443                      1.624128624632004E-5                          0.0049134927456551064                         8.44208351962949E-5
444                      1.6241895788697396E-5                         0.004913477042202306                          8.442152090251506E-5
445                      1.6242505331074753E-5                         0.004913461338749505                          8.442220660873523E-5
446                      1.624311487345211E-5                          0.004913445635296705                          8.442289231495539E-5
447                      1.624372441582947E-5                          0.0049134299318439045                         8.442357802117556E-5
448                      1.6244333958206828E-5                         0.004913414228391104                          8.442426372739572E-5
449                      1.624494350058419E-5                          0.004913398524938303                          8.442494943361589E-5
450                      1.6245553042961546E-5                         0.004913382821485502                          8.442563513983605E-5
451                      1.6246162585338903E-5                         0.004913367118032702                          8.44263208460562E-5
452                      1.624677212771626E-5                          0.004913351414579901                          8.442700655227638E-5
453                      1.624738167009362E-5                          0.004913335711127101                          8.442769225849654E-5
454                      1.6247991212470977E-5                         0.0049133200076743                            8.44283779647167E-5
455                      1.6248600754848335E-5                         0.0049133043042215                            8.442906367093686E-5
456                      1.624921029722569E-5                          0.004913288600768699                          8.442974937715704E-5
457                      1.6249819839603052E-5                         0.0049132728973158984                         8.443043508337719E-5
458                      1.625042938198041E-5                          0.004913257193863098                          8.443112078959735E-5
459                      1.625103892435777E-5                          0.004913241490410297                          8.443180649581754E-5
460                      1.6251648466735127E-5                         0.004913225786957497                          8.44324922020377E-5
461                      1.6252258009112484E-5                         0.004913210083504696                          8.443317790825786E-5
462                      1.625286755148984E-5                          0.004913194380051895                          8.443386361447802E-5
463                      1.6253477093867202E-5                         0.004913178676599095                          8.443454932069818E-5
464                      1.625408663624456E-5                          0.004913162973146295                          8.443523502691835E-5
465                      1.625469617862192E-5                          0.004913147269693494                          8.443592073313851E-5
466                      1.6255305720999277E-5                         0.004913131566240693                          8.443660643935868E-5
467                      1.6255915263376634E-5                         0.004913115862787892                          8.443729214557884E-5
468                      1.625652480575399E-5                          0.004913100159335091                          8.4437977851799E-5
469                      1.625713434813135E-5                          0.004913084455882292                          8.443866355801917E-5
470                      1.625774389050871E-5                          0.004913068752429491                          8.443934926423932E-5
471                      1.6258167638928966E-5                         0.004913050254142037                          8.443973330263974E-5
472                      1.625851534915259E-5                          0.004913030612038121                          8.443999388020562E-5
473                      1.6258863059376217E-5                         0.004913010969934205                          8.44402544577715E-5
474                      1.625921076959984E-5                          0.0049129913278302875                         8.444051503533737E-5
475                      1.6259558479823468E-5                         0.004912971685726371                          8.444077561290325E-5
476                      1.625990619004709E-5                          0.004912952043622455                          8.444103619046913E-5
477                      1.626025390027072E-5                          0.004912932401518538                          8.4441296768035E-5
478                      1.6260601610494342E-5                         0.004912912759414622                          8.444155734560089E-5
479                      1.626094932071797E-5                          0.004912893117310705                          8.444181792316676E-5
480                      1.6261297030941593E-5                         0.004912873475206789                          8.444207850073264E-5
