% Model:              Single sender-receiver.mph
% Version:            COMSOL 6.4.0.293
% Date:               Jul 30 2026, 08:08
% Table:              Table 1 - Point Evaluation 1
% Time (min)             Molar concentration, rS6 (mol/m^3), Point: 10 Molar concentration, rTh (mol/m^3), Point: 10 Molar concentration, rGRep6 (mol/m^3), Point: 10
0                        7.313501442495246E-33                         -1.1535874874218722E-32                       -2.3071749748437452E-35
1                        5.087663104005505E-12                         -1.4786474082255296E-8                        -2.9430528574755905E-11
2                        2.3980817791351078E-11                        -1.3347790452370848E-7                        -2.604277751362618E-10
3                        4.784481406492732E-11                         -3.6887514616944277E-7                        -7.155212604473502E-10
4                        7.774756669004187E-11                         -6.455957659817747E-7                         -1.3240680822181562E-9
5                        1.1779928548843543E-10                        -8.241423601741742E-7                         -1.9458060100913473E-9
6                        1.7482807535437559E-10                        -8.345795970281661E-7                         -2.42094524896405E-9
7                        2.5921480441891206E-10                        -6.380627657768903E-7                         -2.5895192028674643E-9
8                        3.8739464807292185E-10                        -1.8415288331617034E-7                        -2.5401808297141264E-9
9                        5.900851785339792E-10                         5.830835006457259E-7                          -2.2524392045171526E-9
10                       9.242510570255386E-10                         1.419833514506307E-6                          -1.5352277238726353E-9
11                       1.5052462774280435E-9                         1.8256551644021388E-6                         -1.8669762283508559E-10
12                       2.3372335383021012E-9                         1.5261124149016223E-6                         2.211955145106772E-9
13                       3.6119069202181033E-9                         1.0363678771516626E-7                         6.29247406755619E-9
14                       5.652486293477764E-9                          -1.7177997003728767E-6                        1.1680208524710649E-8
15                       8.910390474128893E-9                          -1.6138271766097566E-6                        1.7707702861537182E-8
16                       1.414782543138899E-8                          3.0505337859689056E-6                         2.5365442225010803E-8
17                       2.2618045426244177E-8                         1.4646470501484329E-5                         3.4664770799156765E-8
18                       3.65423958609418E-8                           3.595373321615662E-5                          4.833835169968091E-8
19                       6.000730301881753E-8                          6.46189784039628E-5                           7.305413294091585E-8
20                       9.963815765934249E-8                          9.622032807376089E-5                          1.220465090228863E-7
21                       1.6615061430315277E-7                         1.3206596127561052E-4                         2.1263443100168128E-7
22                       2.770340914600781E-7                          1.8386792998945602E-4                         3.6862509308392506E-7
23                       4.600775650918528E-7                          2.7710148222211947E-4                         6.2648822192376E-7
24                       7.587761368266704E-7                          4.52905644549575E-4                           1.0435721005889497E-6
25                       1.2393591424271947E-6                         7.635306983760646E-4                          1.7037094284048013E-6
26                       1.9980096419805587E-6                         0.0012401486793880024                         2.7285738405435834E-6
27                       3.1669163643102895E-6                         0.0018800032149954029                         4.2994793552513586E-6
28                       4.936587022451596E-6                          0.002639453195174124                          6.69646675122346E-6
29                       7.5267845061646225E-6                         0.0034188959815071563                         1.0225005655724542E-5
30                       1.1281664774389578E-5                         0.00409863174499501                           1.5242357980150339E-5
31                       1.6847532639398516E-5                         0.004585497856348143                          2.2128089645753205E-5
32                       2.5300807044495087E-5                         0.004855384975105604                          3.1234095616171196E-5
33                       3.7011042779883716E-5                         0.004958153022669563                          4.249802416079632E-5
34                       4.8621732718537016E-5                         0.004974728409710523                          5.470828654928463E-5
35                       5.39855281673752E-5                           0.004971764202225576                          6.596156733840637E-5
36                       5.6630518664409624E-5                         0.004973418237107949                          7.405408010076919E-5
37                       5.893015044933274E-5                          0.004974618404001515                          8.012216322297084E-5
38                       6.095865148041827E-5                          0.004975551070571555                          8.459360358576382E-5
39                       6.28282043568706E-5                           0.004976338427282894                          8.809520381490651E-5
40                       6.454150592172054E-5                          0.004977004995930189                          9.069341276004117E-5
41                       6.610653272440149E-5                          0.004977569537490301                          9.247327985980949E-5
42                       6.756968052040349E-5                          0.004978079100152966                          9.378029743195957E-5
43                       6.893021168693386E-5                          0.004978527467248936                          9.461037004471455E-5
44                       7.02183315599801E-5                           0.004978933700209652                          9.519985461894172E-5
45                       7.14341699581697E-5                           0.004979298899662856                          9.554457683601676E-5
46                       7.25972493647277E-5                           0.004979637029424105                          9.578892468250137E-5
47                       7.37087435266724E-5                           0.004979947419199939                          9.593317683185521E-5
48                       7.477783832769553E-5                          0.0049802352117291285                         9.603732706773753E-5
49                       7.580729278522592E-5                          0.004980502993835965                          9.610789933728155E-5
50                       7.680072699729531E-5                          0.0049807533046430045                         9.616288493169299E-5
51                       7.77614750666987E-5                           0.004980987812551849                          9.620930197453648E-5
52                       7.869045088518382E-5                          0.00498120704954218                           9.625013840388566E-5
53                       7.959350828742723E-5                          0.004981416136942318                          9.62908416263564E-5
54                       8.047004635343592E-5                          0.004981614575768219                          9.633063880752589E-5
55                       8.131944655970142E-5                          0.004981801852418462                          9.636873447334725E-5
56                       8.214218813494794E-5                          0.004981978351253482                          9.640511398137986E-5
57                       8.294401929762888E-5                          0.004982148682572347                          9.643960169952297E-5
58                       8.372141223008892E-5                          0.00498231001692545                           9.647230541735188E-5
59                       8.447436693232809E-5                          0.004982462354312791                          9.650322513486658E-5
60                       8.520626409459829E-5                          0.004982607199972934                          9.653280153728819E-5
61                       8.592491088208619E-5                          0.0049827480300143785                         9.656205231688071E-5
62                       8.66245174909667E-5                           0.004982882266550555                          9.659022275174162E-5
63                       8.730508392123982E-5                          0.004983009909581463                          9.661731284187093E-5
64                       8.796661017290557E-5                          0.004983130959107102                          9.664332258726863E-5
65                       8.860909624596395E-5                          0.004983245415127473                          9.666825198793471E-5
66                       8.923254214041496E-5                          0.004983353277642576                          9.669210104386921E-5
67                       8.983694785625858E-5                          0.004983454546652411                          9.671486975507209E-5
68                       9.043112835469257E-5                          0.004983556039102847                          9.673709571007388E-5
69                       9.101194749665993E-5                          0.004983655329697878                          9.67585876485446E-5
70                       9.157661327155194E-5                          0.004983750259269159                          9.677917529714484E-5
71                       9.212512567936855E-5                          0.00498384082781669                           9.679885865587457E-5
72                       9.265748472010977E-5                          0.004983927035340471                          9.681763772473381E-5
73                       9.31736903937756E-5                           0.004984008881840499                          9.683551250372253E-5
74                       9.367374270036606E-5                          0.004984086367316776                          9.685248299284076E-5
75                       9.415978513258326E-5                          0.00498416018797551                           9.686879159665997E-5
76                       9.464253503949506E-5                          0.004984233824810562                          9.688565032509542E-5
77                       9.511250348799567E-5                          0.004984304195817444                          9.69019860880633E-5
78                       9.556969047808509E-5                          0.004984371300996159                          9.691779888556357E-5
79                       9.601409600976332E-5                          0.004984435140346706                          9.69330887175963E-5
80                       9.644572008303033E-5                          0.0049844957138690865                         9.694785558416145E-5
81                       9.686456269788613E-5                          0.004984553021563298                          9.696209948525903E-5
82                       9.727062385433074E-5                          0.004984607063429342                          9.697582042088903E-5
83                       9.767357687228433E-5                          0.004984662559673498                          9.698934554747081E-5
84                       9.807355572533289E-5                          0.004984719575669696                          9.700267939605662E-5
85                       9.846474593266905E-5                          0.0049847752741760155                         9.701562531805671E-5
86                       9.884714749429282E-5                          0.004984829655192454                          9.702818331347106E-5
87                       9.922076041020422E-5                          0.004984882718719013                          9.704035338229965E-5
88                       9.958558468040322E-5                          0.004984934464755691                          9.705213552454251E-5
89                       9.99416203048898E-5                           0.004984984893302491                          9.70635297401996E-5
90                       1.0028886728366398E-4                         0.004985034004359411                          9.707453602927095E-5
91                       1.006273256167258E-4                          0.004985081797926449                          9.708515439175658E-5
92                       1.009569953040752E-4                          0.004985128274003609                          9.709538482765644E-5
93                       1.0127787634571225E-4                         0.0049851734325908875                         9.710522733697056E-5
94                       1.0158996874163687E-4                         0.004985217273688288                          9.711468191969894E-5
95                       1.0189327249184911E-4                         0.004985259797295808                          9.712374857584157E-5
96                       1.0218778759634894E-4                         0.004985301003413448                          9.713242730539847E-5
97                       1.024735140551364E-4                          0.004985340892041208                          9.714071810836961E-5
98                       1.0275711630927703E-4                         0.004985377466950954                          9.714897195513522E-5
99                       1.0304139287594447E-4                         0.004985409889891037                          9.715733622439169E-5
100                      1.0331877310823E-4                            0.00498544042852925                           9.716541222211535E-5
101                      1.0358925700613366E-4                         0.0049854690828655904                         9.717319994830619E-5
102                      1.0385284456965544E-4                         0.004985495852900059                          9.718069940296422E-5
103                      1.0410953579879535E-4                         0.004985520738632656                          9.718791058608944E-5
104                      1.0435933069355337E-4                         0.004985543740063381                          9.719483349768186E-5
105                      1.0460222925392953E-4                         0.004985564857192234                          9.720146813774144E-5
106                      1.0483823147992383E-4                         0.0049855840900192155                         9.720781450626822E-5
107                      1.0506733737153623E-4                         0.004985601438544325                          9.721387260326221E-5
108                      1.0528954692876676E-4                         0.004985616902767563                          9.721964242872336E-5
109                      1.0550486015161542E-4                         0.004985630482688929                          9.722512398265169E-5
110                      1.057132770400822E-4                          0.004985642178308424                          9.723031726504722E-5
111                      1.0591479759416709E-4                         0.004985651989626046                          9.723522227590994E-5
112                      1.0610942181387013E-4                         0.004985659916641796                          9.723983901523985E-5
113                      1.0630228735852998E-4                         0.0049856730551914126                         9.724446698791101E-5
114                      1.0650110053921042E-4                         0.0049857020487827294                         9.724955544086107E-5
115                      1.0669516295379947E-4                         0.004985732121406088                          9.725448070027948E-5
116                      1.0688447460229711E-4                         0.004985763273061487                          9.725924276616622E-5
117                      1.0706903548470339E-4                         0.004985795503748928                          9.726384163852127E-5
118                      1.0724884560101827E-4                         0.004985828813468409                          9.726827731734466E-5
119                      1.0742390495124175E-4                         0.004985863202219931                          9.72725498026364E-5
120                      1.0759421353537389E-4                         0.004985898670003494                          9.727665909439645E-5
121                      1.0775977135341462E-4                         0.004985935216819099                          9.728060519262483E-5
122                      1.0792057840536397E-4                         0.004985972842666744                          9.728438809732156E-5
123                      1.0807663469122194E-4                         0.00498601154754643                           9.72880078084866E-5
124                      1.0822794021098851E-4                         0.004986051331458157                          9.729146432611998E-5
125                      1.0837449496466369E-4                         0.0049860921944019235                         9.729475765022169E-5
126                      1.0851629895224751E-4                         0.004986134136377732                          9.729788778079173E-5
127                      1.0865335217373994E-4                         0.004986177157385582                          9.73008547178301E-5
128                      1.0878758234246405E-4                         0.00498621869074323                           9.730376737403534E-5
129                      1.0892747155554057E-4                         0.0049862474428377795                         9.730710497423598E-5
130                      1.0906410744664319E-4                         0.004986275280170389                          9.731036398408624E-5
131                      1.0919749001577187E-4                         0.0049863022027410555                         9.73135444035861E-5
132                      1.0932761926292663E-4                         0.004986328210549781                          9.731664623273559E-5
133                      1.0945449518810746E-4                         0.0049863533035965635                         9.731966947153471E-5
134                      1.095781177913144E-4                          0.0049863774818814065                         9.732261411998342E-5
135                      1.096984870725474E-4                          0.004986400745404306                          9.732548017808177E-5
136                      1.0981560303180646E-4                         0.0049864230941652635                         9.732826764582973E-5
137                      1.0992946566909161E-4                         0.004986444528164281                          9.733097652322733E-5
138                      1.1004007498440284E-4                         0.004986465047401356                          9.733360681027453E-5
139                      1.1014743097774015E-4                         0.00498648465187649                           9.733615850697135E-5
140                      1.1025153364910353E-4                         0.00498650334158968                           9.73386316133178E-5
141                      1.1035238299849298E-4                         0.0049865211165409295                         9.734102612931384E-5
142                      1.104499790259085E-4                          0.004986537976730238                          9.734334205495953E-5
143                      1.1054452328661683E-4                         0.004986553954417277                          9.734558349578264E-5
144                      1.1064376374414166E-4                         0.004986570289692598                          9.734790827191955E-5
145                      1.107407575225036E-4                          0.004986585871322926                          9.73501749622561E-5
146                      1.1083550462170261E-4                         0.004986600699308258                          9.735238356679231E-5
147                      1.1092800504173872E-4                         0.004986614773648597                          9.735453408552818E-5
148                      1.110182587826119E-4                          0.004986628094343942                          9.735662651846369E-5
149                      1.1110626584432221E-4                         0.004986640661394293                          9.735866086559884E-5
150                      1.1119202622686957E-4                         0.004986652474799649                          9.736063712693368E-5
151                      1.1127553993025401E-4                         0.004986663534560012                          9.736255530246815E-5
152                      1.1135680695447555E-4                         0.004986673840675381                          9.736441539220226E-5
153                      1.1143582729953417E-4                         0.004986683393145758                          9.736621739613602E-5
154                      1.1151260096542988E-4                         0.004986692191971138                          9.736796131426944E-5
155                      1.1158712795216269E-4                         0.004986700237151524                          9.736964714660252E-5
156                      1.1165940825973255E-4                         0.004986707528686918                          9.737127489313523E-5
157                      1.1172944188813952E-4                         0.004986714066577317                          9.737284455386761E-5
158                      1.1179722883738359E-4                         0.004986719850822723                          9.737435612879963E-5
159                      1.1186973527830936E-4                         0.004986730284386519                          9.737600395376089E-5
160                      1.1194182955162923E-4                         0.0049867413871528205                         9.737764487043857E-5
161                      1.1201265985658804E-4                         0.0049867524984648064                         9.737925511607836E-5
162                      1.120822261931858E-4                          0.0049867636183224765                         9.738083469068028E-5
163                      1.1215052856142251E-4                         0.004986774746725832                          9.738238359424427E-5
164                      1.1221756696129817E-4                         0.00498678588367487                           9.738390182677038E-5
165                      1.1228334139281276E-4                         0.004986797029169592                          9.738538938825859E-5
166                      1.1234785185596631E-4                         0.00498680818321                              9.73868462787089E-5
167                      1.1241109835075883E-4                         0.0049868193457960905                         9.738827249812134E-5
168                      1.1247308087719029E-4                         0.004986830516927865                          9.738966804649586E-5
169                      1.1253379943526067E-4                         0.004986841696605324                          9.73910329238325E-5
170                      1.1259325402497002E-4                         0.004986852884828469                          9.739236713013122E-5
171                      1.1265144464631829E-4                         0.004986864081597296                          9.739367066539207E-5
172                      1.1270837129930556E-4                         0.0049868752869118085                         9.739494352961503E-5
173                      1.1276403398393175E-4                         0.004986886500772005                          9.739618572280008E-5
174                      1.1281843270019688E-4                         0.0049868977231778844                         9.739739724494724E-5
175                      1.1287156744810096E-4                         0.004986908954129449                          9.739857809605649E-5
176                      1.1292343822764398E-4                         0.004986920193626698                          9.739972827612786E-5
177                      1.1297404503882596E-4                         0.004986931441669631                          9.740084778516134E-5
178                      1.1302338788164692E-4                         0.0049869426982582475                         9.740193662315692E-5
179                      1.1307146675610679E-4                         0.0049869539633925495                         9.74029947901146E-5
180                      1.1311828166220561E-4                         0.004986965237072534                          9.740402228603438E-5
181                      1.1316383259994338E-4                         0.004986976519298204                          9.740501911091628E-5
182                      1.132081195693201E-4                          0.0049869878100695575                         9.740598526476027E-5
183                      1.1325114257033576E-4                         0.004986999109386595                          9.740692074756638E-5
184                      1.132929016029904E-4                          0.004987010417249318                          9.740782555933457E-5
185                      1.1333339666728396E-4                         0.0049870217336577235                         9.74086997000649E-5
186                      1.1337262776321648E-4                         0.004987033058611814                          9.740954316975732E-5
187                      1.1341059489078793E-4                         0.004987044392111588                          9.741035596841183E-5
188                      1.1344729804999832E-4                         0.0049870557341570474                         9.741113809602845E-5
189                      1.1348632799590072E-4                         0.004987064107043035                          9.741200827272762E-5
190                      1.135267866114004E-4                          0.004987070255551044                          9.741293680431741E-5
191                      1.1356636809879623E-4                         0.004987076091809748                          9.741384745485951E-5
192                      1.1360507245808818E-4                         0.004987081615819148                          9.741474022435391E-5
193                      1.1364289968927627E-4                         0.004987086827579241                          9.741561511280061E-5
194                      1.1367984979236047E-4                         0.004987091727090032                          9.74164721201996E-5
195                      1.1371592276734084E-4                         0.004987096314351517                          9.74173112465509E-5
196                      1.1375111861421731E-4                         0.004987100589363696                          9.74181324918545E-5
197                      1.1378543733298994E-4                         0.004987104552126573                          9.74189358561104E-5
198                      1.138188789236587E-4                          0.004987108202640143                          9.741972133931861E-5
199                      1.1385144338622357E-4                         0.004987111540904408                          9.74204889414791E-5
200                      1.1388313072068461E-4                         0.004987114566919369                          9.74212386625919E-5
201                      1.1391394092704177E-4                         0.004987117280685025                          9.742197050265701E-5
202                      1.1394387400529507E-4                         0.004987119682201375                          9.742268446167442E-5
203                      1.139729299554445E-4                          0.004987121771468422                          9.74233805396441E-5
204                      1.1400110877749009E-4                         0.004987123548486163                          9.742405873656613E-5
205                      1.140284104714318E-4                          0.004987125013254599                          9.742471905244043E-5
206                      1.1405483503726964E-4                         0.004987126165773732                          9.742536148726702E-5
207                      1.1408038247500363E-4                         0.004987127006043558                          9.742598604104593E-5
208                      1.1410505278463373E-4                         0.00498712753406408                           9.742659271377713E-5
209                      1.1412884596615999E-4                         0.004987127749835297                          9.742718150546063E-5
210                      1.1415176201958236E-4                         0.004987127653357209                          9.742775241609644E-5
211                      1.1417380094490085E-4                         0.0049871272446298165                         9.742830544568455E-5
212                      1.1419496274211552E-4                         0.00498712652365312                           9.742884059422495E-5
213                      1.142152474112263E-4                          0.004987125490427117                          9.742935786171765E-5
214                      1.1423465495223323E-4                         0.00498712414495181                           9.742985724816267E-5
215                      1.1425318536513628E-4                         0.004987122487227198                          9.743033875355997E-5
216                      1.1427083864993548E-4                         0.004987120517253281                          9.743080237790958E-5
217                      1.142876148066308E-4                          0.004987118235030059                          9.74312481212115E-5
218                      1.1430351383522228E-4                         0.004987115640557533                          9.743167598346569E-5
219                      1.143204976237825E-4                          0.004987115015636462                          9.743212364160611E-5
220                      1.1434108651292987E-4                         0.004987119291583477                          9.743263949732708E-5
221                      1.1436120205779557E-4                         0.004987123724907485                          9.743314522643679E-5
222                      1.1438084425837965E-4                         0.004987128315608486                          9.743364082893525E-5
223                      1.1440001311468213E-4                         0.00498713306368648                           9.743412630482247E-5
224                      1.1441870862670295E-4                         0.004987137969141467                          9.743460165409843E-5
225                      1.1443693079444215E-4                         0.004987143031973447                          9.743506687676314E-5
226                      1.1445467961789972E-4                         0.004987148252182419                          9.74355219728166E-5
227                      1.1447195509707566E-4                         0.004987153629768386                          9.743596694225882E-5
228                      1.1448875723196998E-4                         0.004987159164731344                          9.743640178508978E-5
229                      1.1450508602258267E-4                         0.004987164857071296                          9.74368265013095E-5
230                      1.1452094146891373E-4                         0.004987170706788241                          9.743724109091795E-5
231                      1.1453632357096314E-4                         0.0049871767138821785                         9.743764555391516E-5
232                      1.1455123232873093E-4                         0.00498718287835311                           9.74380398903011E-5
233                      1.1456566774221712E-4                         0.004987189200201033                          9.743842410007582E-5
234                      1.1457962981142165E-4                         0.004987195679425949                          9.743879818323927E-5
235                      1.1459311853634458E-4                         0.004987202316027859                          9.743916213979147E-5
236                      1.1460613391698587E-4                         0.004987209110006763                          9.743951596973242E-5
237                      1.1461867595334551E-4                         0.004987216061362657                          9.743985967306213E-5
238                      1.1463074464542353E-4                         0.004987223170095546                          9.744019324978057E-5
239                      1.1464233999321993E-4                         0.004987230436205428                          9.744051669988778E-5
240                      1.1465346199673471E-4                         0.004987237859692302                          9.744083002338373E-5
241                      1.1466411065596785E-4                         0.00498724544055617                           9.744113322026843E-5
242                      1.1467428597091938E-4                         0.004987253178797031                          9.744142629054188E-5
243                      1.1468398794158925E-4                         0.0049872610744148855                         9.744170923420407E-5
244                      1.146932165679775E-4                          0.004987269127409731                          9.744198205125502E-5
245                      1.1470197185008414E-4                         0.00498727733778157                           9.74422447416947E-5
246                      1.1471025378790914E-4                         0.0049872857055304025                         9.744249730552316E-5
247                      1.147180623814525E-4                          0.004987294230656228                          9.744273974274035E-5
248                      1.1472539763071424E-4                         0.004987302913159047                          9.74429720533463E-5
249                      1.1473240659956132E-4                         0.004987311698400879                          9.744319741056382E-5
250                      1.1474326597203159E-4                         0.0049873190346370316                         9.74435059354372E-5
251                      1.1475393720518277E-4                         0.004987326422289257                          9.744381048761686E-5
252                      1.1476442029901483E-4                         0.004987333861357552                          9.744411106710276E-5
253                      1.1477471525352782E-4                         0.0049873413518419195                         9.744440767389492E-5
254                      1.1478482206872172E-4                         0.00498734889374236                           9.744470030799337E-5
255                      1.1479474074459655E-4                         0.0049873564870588725                         9.744498896939804E-5
256                      1.1480447128115227E-4                         0.0049873641317914556                         9.7445273658109E-5
257                      1.1481401367838891E-4                         0.004987371827940111                          9.744555437412622E-5
258                      1.1482336793630644E-4                         0.004987379575504839                          9.744583111744968E-5
259                      1.148325340549049E-4                          0.004987387374485641                          9.744610388807943E-5
260                      1.1484151203418428E-4                         0.004987395224882511                          9.744637268601543E-5
261                      1.1485030187414455E-4                         0.004987403126695456                          9.744663751125768E-5
262                      1.1485890357478574E-4                         0.004987411079924472                          9.744689836380621E-5
263                      1.1486731713610783E-4                         0.00498741908456956                           9.744715524366099E-5
264                      1.1487554255811087E-4                         0.00498742714063072                           9.744740815082202E-5
265                      1.1488357984079478E-4                         0.004987435248107952                          9.744765708528933E-5
266                      1.1489142898415963E-4                         0.004987443407001255                          9.74479020470629E-5
267                      1.1489908998820536E-4                         0.004987451617310631                          9.744814303614271E-5
268                      1.1490656285293204E-4                         0.004987459879036079                          9.74483800525288E-5
269                      1.149138475783396E-4                          0.0049874681921775995                         9.744861309622115E-5
270                      1.149209441644281E-4                          0.004987476556735191                          9.744884216721976E-5
271                      1.149278526111975E-4                          0.004987484972708855                          9.744906726552463E-5
272                      1.1493457291864778E-4                         0.00498749344009859                           9.744928839113576E-5
273                      1.14941105086779E-4                           0.004987501958904398                          9.744950554405315E-5
274                      1.1494744911559113E-4                         0.004987510529126279                          9.744971872427681E-5
275                      1.1495360500508418E-4                         0.004987519150764229                          9.744992793180672E-5
276                      1.149595727552581E-4                          0.0049875278238182535                         9.74501331666429E-5
277                      1.1496535236611297E-4                         0.0049875365482883495                         9.745033442878533E-5
278                      1.1497094383764874E-4                         0.004987545324174517                          9.745053171823403E-5
279                      1.1497634716986542E-4                         0.004987554151476756                          9.7450725034989E-5
280                      1.1498156236276304E-4                         0.004987563030195068                          9.745091437905022E-5
281                      1.1498658941634151E-4                         0.004987571960329451                          9.74510997504177E-5
282                      1.1499142833060092E-4                         0.0049875809418799075                         9.745128114909143E-5
283                      1.1499607910554127E-4                         0.004987589974846435                          9.745145857507144E-5
284                      1.1500054174116251E-4                         0.0049875990592290345                         9.745163202835771E-5
285                      1.1500481623746465E-4                         0.004987608195027708                          9.745180150895023E-5
286                      1.150089025944477E-4                          0.00498761738224245                           9.745196701684903E-5
287                      1.150128008121117E-4                          0.004987626620873266                          9.745212855205407E-5
288                      1.1501651089045657E-4                         0.004987635910920154                          9.745228611456538E-5
289                      1.1502003282948237E-4                         0.004987645252383113                          9.745243970438297E-5
290                      1.1502336662918908E-4                         0.004987654645262145                          9.74525893215068E-5
291                      1.1502651228957669E-4                         0.004987664089557249                          9.74527349659369E-5
292                      1.1502946981064523E-4                         0.004987673585268423                          9.745287663767325E-5
293                      1.1503223919239466E-4                         0.004987683132395671                          9.745301433671586E-5
294                      1.1503482043482501E-4                         0.004987692730938991                          9.745314806306474E-5
295                      1.1503721353793628E-4                         0.004987702380898382                          9.745327781671988E-5
296                      1.1503941850172844E-4                         0.004987712082273846                          9.745340359768128E-5
297                      1.1504150851281685E-4                         0.004987721760841744                          9.745352564012816E-5
298                      1.1504553504101131E-4                         0.004987729336063851                          9.745365050826098E-5
299                      1.15049463013387E-4                           0.0049877368718491705                         9.745377169034527E-5
300                      1.1505329242994395E-4                         0.004987744368197704                          9.745388918638106E-5
301                      1.150570232906821E-4                          0.00498775182510945                           9.745400299636838E-5
302                      1.1506065559560147E-4                         0.00498775924258441                           9.745411312030717E-5
303                      1.1506418934470206E-4                         0.004987766620622583                          9.745421955819748E-5
304                      1.150676245379839E-4                          0.0049877739592239685                         9.745432231003927E-5
305                      1.1507096117544697E-4                         0.004987781258388568                          9.745442137583256E-5
306                      1.1507419925709122E-4                         0.004987788518116381                          9.745451675557737E-5
307                      1.1507733878291671E-4                         0.004987795738407407                          9.745460844927365E-5
308                      1.1508037975292346E-4                         0.0049878029192616455                         9.745469645692144E-5
309                      1.150833221671114E-4                          0.0049878100606790985                         9.745478077852073E-5
310                      1.1508616602548058E-4                         0.0049878171626597636                         9.745486141407152E-5
311                      1.1508891132803098E-4                         0.004987824225203643                          9.745493836357381E-5
312                      1.1509155807476262E-4                         0.004987831248310735                          9.74550116270276E-5
313                      1.1509410626567546E-4                         0.00498783823198104                           9.745508120443289E-5
314                      1.1509655590076953E-4                         0.004987845176214558                          9.745514709578966E-5
315                      1.1509890698004483E-4                         0.004987852081011291                          9.745520930109796E-5
316                      1.1510115950350138E-4                         0.004987858946371235                          9.745526782035774E-5
317                      1.1510331347113913E-4                         0.004987865772294394                          9.7455322653569E-5
318                      1.1510536888295808E-4                         0.0049878725587807655                         9.745537380073179E-5
319                      1.151073257389583E-4                          0.0049878793058303495                         9.745542126184608E-5
320                      1.1510918403913973E-4                         0.004987886013443147                          9.745546503691185E-5
321                      1.1511094378350239E-4                         0.0049878926816191585                         9.745550512592913E-5
322                      1.1511260497204626E-4                         0.004987899310358384                          9.74555415288979E-5
323                      1.1511416760477137E-4                         0.004987905899660821                          9.745557424581818E-5
324                      1.151156316816777E-4                          0.004987912449526471                          9.745560327668995E-5
325                      1.1511699720276526E-4                         0.004987918959955337                          9.745562862151322E-5
326                      1.1511826416803401E-4                         0.004987925430947414                          9.7455650280288E-5
327                      1.1511943257748403E-4                         0.004987931862502704                          9.745566825301427E-5
328                      1.1512050243111526E-4                         0.004987938254621209                          9.745568253969204E-5
329                      1.1512147372892772E-4                         0.004987944607302925                          9.745569314032131E-5
330                      1.1512234647092141E-4                         0.0049879509205478555                         9.745570005490206E-5
331                      1.151231206570963E-4                          0.004987957194355999                          9.745570328343433E-5
332                      1.1512379628745241E-4                         0.0049879634287273555                         9.74557028259181E-5
333                      1.1512437336198978E-4                         0.004987969623661926                          9.745569868235335E-5
334                      1.1512485188070837E-4                         0.004987975779159709                          9.745569085274012E-5
335                      1.1512523184360816E-4                         0.0049879818952207056                         9.745567933707838E-5
336                      1.151255132506892E-4                          0.004987987971844916                          9.745566413536814E-5
337                      1.1512569610195145E-4                         0.004987994009032339                          9.745564524760939E-5
338                      1.1512578039739495E-4                         0.004988000006782975                          9.745562267380215E-5
339                      1.1512576613701964E-4                         0.004988005965096825                          9.745559641394641E-5
340                      1.1512565332082556E-4                         0.004988011883973888                          9.745556646804216E-5
341                      1.1512544194881272E-4                         0.004988017763414163                          9.745553283608941E-5
342                      1.1512513202098111E-4                         0.004988023603417652                          9.745549551808817E-5
343                      1.1512472353733068E-4                         0.004988029403984354                          9.745545451403843E-5
344                      1.1512421649786153E-4                         0.00498803516511427                           9.745540982394017E-5
345                      1.1512366438856894E-4                         0.004988040876495234                          9.745536454660123E-5
346                      1.151245664577005E-4                          0.004988046249070341                          9.745540554367882E-5
347                      1.1512543544012487E-4                         0.004988051569586136                          9.745544664777921E-5
348                      1.1512627133584199E-4                         0.004988056838042621                          9.745548785890241E-5
349                      1.1512707414485193E-4                         0.0049880620544397935                         9.745552917704845E-5
350                      1.1512784386715466E-4                         0.004988067218777653                          9.74555706022173E-5
351                      1.1512858050275014E-4                         0.004988072331056202                          9.745561213440897E-5
352                      1.1512928405163844E-4                         0.004988077391275438                          9.745565377362344E-5
353                      1.1512995451381955E-4                         0.004988082399435363                          9.745569551986073E-5
354                      1.1513059188929341E-4                         0.004988087355535975                          9.745573737312082E-5
355                      1.1513119617806009E-4                         0.004988092259577277                          9.745577933340375E-5
356                      1.1513176738011955E-4                         0.004988097111559265                          9.74558214007095E-5
357                      1.1513230549547178E-4                         0.004988101911481942                          9.745586357503805E-5
358                      1.1513281052411685E-4                         0.0049881066593453075                         9.745590585638943E-5
359                      1.1513328246605465E-4                         0.00498811135514936                           9.745594824476362E-5
360                      1.1513372132128528E-4                         0.0049881159988941015                         9.745599074016063E-5
361                      1.1513412708980871E-4                         0.004988120590579532                          9.745603334258044E-5
362                      1.151344997716249E-4                          0.004988125130205649                          9.745607605202307E-5
363                      1.151348393667339E-4                          0.004988129617772455                          9.745611886848854E-5
364                      1.1513514587513568E-4                         0.004988134053279949                          9.745616179197681E-5
365                      1.1513541929683024E-4                         0.004988138436728131                          9.745620482248789E-5
366                      1.151356596318176E-4                          0.0049881427681170015                         9.745624796002179E-5
367                      1.1513586688009776E-4                         0.00498814704744656                           9.745629120457851E-5
368                      1.1513604104167069E-4                         0.004988151274716806                          9.745633455615804E-5
369                      1.1513618211653643E-4                         0.004988155449927741                          9.74563780147604E-5
370                      1.1513629010469496E-4                         0.004988159573079363                          9.745642158038557E-5
371                      1.1513636500614627E-4                         0.004988163644171675                          9.745646525303354E-5
372                      1.1513640682089037E-4                         0.004988167663204673                          9.745650903270434E-5
373                      1.1513641554892728E-4                         0.0049881716301783605                         9.745655291939797E-5
374                      1.1513639119025694E-4                         0.004988175545092736                          9.745659691311439E-5
375                      1.1513633374487943E-4                         0.004988179407947799                          9.745664101385365E-5
376                      1.151362432127947E-4                          0.00498818321874355                           9.74566852216157E-5
377                      1.1513611959400274E-4                         0.0049881869774799905                         9.745672953640059E-5
378                      1.1513596288850359E-4                         0.004988190684157118                          9.745677395820828E-5
379                      1.1513577309629723E-4                         0.004988194338774934                          9.74568184870388E-5
380                      1.1513555021738365E-4                         0.004988197941333438                          9.745686312289214E-5
381                      1.1513529425176286E-4                         0.0049882014918326304                         9.745690786576828E-5
382                      1.1513500519943486E-4                         0.004988204990272511                          9.745695271566723E-5
383                      1.1513468306039966E-4                         0.004988208436653078                          9.7456997672589E-5
384                      1.1513432783465725E-4                         0.0049882118309743356                         9.74570427365336E-5
385                      1.1513393952220762E-4                         0.00498821517323628                           9.745708790750102E-5
386                      1.151335181230508E-4                          0.004988218463438913                          9.745713318549125E-5
387                      1.1513306363718676E-4                         0.004988221701582234                          9.745717857050429E-5
388                      1.1513257606461549E-4                         0.004988224887666243                          9.745722406254014E-5
389                      1.1513205540533704E-4                         0.00498822802169094                           9.745726966159882E-5
390                      1.1513150165935137E-4                         0.004988231103656326                          9.74573153676803E-5
391                      1.1513091482665848E-4                         0.004988234133562399                          9.745736118078462E-5
392                      1.151302949072584E-4                          0.004988237111409159                          9.745740710091175E-5
393                      1.1512966314129181E-4                         0.004988240055934797                          9.745745261666425E-5
394                      1.1512961490411875E-4                         0.0049882434923832295                         9.745748339323005E-5
395                      1.1512955957906553E-4                         0.00498824689970868                           9.745751365084668E-5
396                      1.1512949716613213E-4                         0.004988250277911149                          9.745754338951413E-5
397                      1.1512942766531857E-4                         0.004988253626990636                          9.745757260923241E-5
398                      1.1512935107662479E-4                         0.004988256946947141                          9.74576013100015E-5
399                      1.1512926740005087E-4                         0.004988260237780665                          9.745762949182143E-5
400                      1.1512917663559678E-4                         0.004988263499491208                          9.745765715469218E-5
401                      1.151290787832625E-4                          0.004988266732078768                          9.745768429861374E-5
402                      1.1512897384304803E-4                         0.004988269935543346                          9.745771092358614E-5
403                      1.1512886181495343E-4                         0.004988273109884944                          9.745773702960937E-5
404                      1.151287426989786E-4                          0.00498827625510356                           9.745776261668341E-5
405                      1.1512861649512363E-4                         0.004988279371199193                          9.745778768480827E-5
406                      1.1512848320338847E-4                         0.004988282458171846                          9.745781223398395E-5
407                      1.1512834282377313E-4                         0.004988285516021516                          9.745783626421048E-5
408                      1.1512819535627762E-4                         0.0049882885447482045                         9.745785977548781E-5
409                      1.1512804080090195E-4                         0.0049882915443519105                         9.745788276781597E-5
410                      1.1512787915764608E-4                         0.004988294514832637                          9.745790524119496E-5
411                      1.1512771042651004E-4                         0.004988297456190381                          9.745792719562476E-5
412                      1.1512753460749382E-4                         0.004988300368425143                          9.745794863110539E-5
413                      1.1512735170059743E-4                         0.004988303251536924                          9.745796954763685E-5
414                      1.1512716170582088E-4                         0.0049883061055257215                         9.745798994521913E-5
415                      1.1512696462316412E-4                         0.0049883089303915384                         9.745800982385224E-5
416                      1.1512676045262723E-4                         0.004988311726134374                          9.745802918353616E-5
417                      1.1512654919421014E-4                         0.004988314492754228                          9.745804802427091E-5
418                      1.1512633084791285E-4                         0.0049883172302510985                         9.745806634605648E-5
419                      1.1512610541373541E-4                         0.004988319938624989                          9.745808414889288E-5
420                      1.1512587289167781E-4                         0.004988322617875898                          9.74581014327801E-5
421                      1.1512563328173999E-4                         0.004988325268003825                          9.745811819771815E-5
422                      1.1512538658392203E-4                         0.004988327889008769                          9.745813444370702E-5
423                      1.151251327982239E-4                          0.004988330480890733                          9.74581501707467E-5
424                      1.1512487192464555E-4                         0.004988333043649715                          9.745816537883723E-5
425                      1.1512460396318707E-4                         0.004988335577285715                          9.745818006797857E-5
426                      1.1512432891384839E-4                         0.004988338081798733                          9.745819423817073E-5
427                      1.1512404677662954E-4                         0.00498834055718877                           9.745820788941372E-5
428                      1.1512375755153051E-4                         0.004988343003455825                          9.745822102170753E-5
429                      1.1512346123855129E-4                         0.004988345420599899                          9.745823363505217E-5
430                      1.1512315783769193E-4                         0.004988347808620989                          9.745824572944761E-5
431                      1.1512284734895238E-4                         0.0049883501675191                            9.74582573048939E-5
432                      1.1512252977233264E-4                         0.004988352497294228                          9.745826836139101E-5
433                      1.1512220510783274E-4                         0.004988354797946375                          9.745827889893894E-5
434                      1.1512187335545268E-4                         0.00498835706947554                           9.74582889175377E-5
435                      1.1512153451519241E-4                         0.004988359311881723                          9.745829841718728E-5
436                      1.1512118858705198E-4                         0.004988361525164926                          9.745830739788766E-5
437                      1.1512083557103139E-4                         0.004988363709325144                          9.745831585963889E-5
438                      1.1512047546713059E-4                         0.0049883658643623836                         9.745832380244094E-5
439                      1.1512010827534963E-4                         0.004988367990276639                          9.74583312262938E-5
440                      1.151197339956885E-4                          0.004988370087067914                          9.745833813119751E-5
441                      1.1511935889627597E-4                         0.004988372168951479                          9.745834520731339E-5
442                      1.1511915867695667E-4                         0.004988374634390914                          9.745837180032656E-5
443                      1.1511895904221091E-4                         0.00498837708810746                           9.745839871917713E-5
444                      1.1511875999203863E-4                         0.004988379530101114                          9.745842596386512E-5
445                      1.1511856152643988E-4                         0.0049883819603718784                         9.745845353439052E-5
446                      1.1511836364541461E-4                         0.004988384378919753                          9.745848143075334E-5
447                      1.1511816634896285E-4                         0.004988386785744737                          9.745850965295356E-5
448                      1.1511796963708459E-4                         0.004988389180846831                          9.745853820099121E-5
449                      1.1511777350977984E-4                         0.004988391564226034                          9.745856707486627E-5
450                      1.1511757796704859E-4                         0.004988393935882347                          9.745859627457873E-5
451                      1.1511738300889085E-4                         0.00498839629581577                           9.745862580012862E-5
452                      1.1511718863530661E-4                         0.0049883986440263026                         9.745865565151592E-5
453                      1.1511699484629587E-4                         0.004988400980513945                          9.745868582874063E-5
454                      1.1511680164185865E-4                         0.004988403305278698                          9.745871633180275E-5
455                      1.1511660902199489E-4                         0.00498840561832056                           9.74587471607023E-5
456                      1.1511641698670466E-4                         0.0049884079196395315                         9.745877831543925E-5
457                      1.1511622553598794E-4                         0.004988410209235613                          9.745880979601363E-5
458                      1.1511603466984471E-4                         0.004988412487108804                          9.745884160242539E-5
459                      1.15115844388275E-4                           0.004988414753259106                          9.745887373467459E-5
460                      1.1511565469127877E-4                         0.0049884170076865166                         9.74589061927612E-5
461                      1.1511546557885607E-4                         0.004988419250391037                          9.745893897668522E-5
462                      1.1511527705100685E-4                         0.004988421481372666                          9.745897208644666E-5
463                      1.1511508910773112E-4                         0.004988423700631407                          9.745900552204551E-5
464                      1.1511490174902893E-4                         0.004988425908167257                          9.745903928348177E-5
465                      1.1511471497490023E-4                         0.004988428103980216                          9.745907337075545E-5
466                      1.1511452878534503E-4                         0.004988430288070286                          9.745910778386655E-5
467                      1.1511434318036334E-4                         0.004988432460437464                          9.745914252281505E-5
468                      1.1511415815995514E-4                         0.004988434621081754                          9.745917758760097E-5
469                      1.1511397372412045E-4                         0.004988436770003151                          9.74592129782243E-5
470                      1.1511378987285928E-4                         0.00498843890720166                           9.745924869468506E-5
471                      1.1511360660617158E-4                         0.004988441032677278                          9.745928473698322E-5
472                      1.151134239240574E-4                          0.004988443146430006                          9.74593211051188E-5
473                      1.1511324182651673E-4                         0.004988445248459844                          9.745935779909179E-5
474                      1.1511306031354956E-4                         0.004988447338766791                          9.745939481890218E-5
475                      1.1511287938515587E-4                         0.004988449417350847                          9.745943216455E-5
476                      1.1511269904133571E-4                         0.004988451484212015                          9.745946983603523E-5
477                      1.1511251928208905E-4                         0.004988453539350291                          9.745950783335787E-5
478                      1.1511234010741588E-4                         0.004988455582765678                          9.745954615651795E-5
479                      1.1511216151731624E-4                         0.0049884576144581735                         9.745958480551542E-5
480                      1.1511198351179008E-4                         0.004988459634427779                          9.745962378035029E-5
