% Model:              Single sender-receiver.mph
% Version:            COMSOL 6.4.0.293
% Date:               Jul 24 2026, 15:48
% Table:              Table 4 - Point Evaluation 1
% Time (min)             Molar concentration, rS6 (mol/m^3), Point: 10 Molar concentration, rTh (mol/m^3), Point: 10 Molar concentration, rGRep6 (mol/m^3), Point: 10
0                        -2.4593855898452644E-27                       -1.2573240499336784E-27                       -2.5146480998673703E-30
1                        5.3165269749787525E-11                        -3.970702933629395E-8                         -7.692952229608317E-11
2                        1.3701314153779812E-10                        -2.0225673807771806E-7                        -3.8035502227635717E-10
3                        2.655622507452214E-10                         -3.9821160211209873E-7                        -8.081258792123736E-10
4                        5.000574819833148E-10                         -4.4205042821776956E-7                        -1.2312948221898115E-9
5                        9.616926726955183E-10                         -1.9810982750463976E-7                        -1.3113686396011978E-9
6                        1.9288692565608554E-9                         5.231870340129007E-7                          -4.810463434719334E-10
7                        3.7170327827735626E-9                         1.6785975854810359E-6                         1.6451670895582662E-9
8                        6.924564365764126E-9                          3.2894914046149495E-6                         5.634537267334967E-9
9                        1.2954420571026015E-8                         5.797123517528149E-6                          1.317934106067315E-8
10                       2.429527488671069E-8                          1.1563202975921016E-5                         2.7293061837454948E-8
11                       4.5457737531864105E-8                         2.5483403524680606E-5                         5.239099567465786E-8
12                       8.469129820550248E-8                          5.346373465649823E-5                          9.705304544072832E-8
13                       1.570569552375867E-7                          1.0262173271356711E-4                         1.760187573175399E-7
14                       2.9015292304504013E-7                         1.7988840396687016E-4                         3.183752809367598E-7
15                       5.343540819680645E-7                          3.037782150256349E-4                          5.820161208661674E-7
16                       9.801293731204685E-7                          5.207259870168913E-4                          1.0661307353125527E-6
17                       1.7832183680198234E-6                         9.094243275254197E-4                          1.939314074160686E-6
18                       3.187770041755904E-6                          0.0015357053128124242                         3.4724715036935847E-6
19                       5.521816729542964E-6                          0.002388488060507713                          6.052994084395414E-6
20                       9.151965946127851E-6                          0.0033359115979073213                         1.0169356766346646E-5
21                       1.4451120568317077E-5                         0.004159758940731552                          1.6317205419873707E-5
22                       2.1977097793625824E-5                         0.0046891632723311035                         2.4839230414554102E-5
23                       3.315319527302615E-5                          0.004923275290968349                          3.590222320824216E-5
24                       4.953704711745111E-5                          0.004980562866701695                          4.924278148875458E-5
25                       6.586189246095462E-5                          0.004978088813032313                          6.324362720009984E-5
26                       7.205419651605729E-5                          0.004978441523577118                          7.46505415028907E-5
27                       7.583857210741314E-5                          0.004979719816548966                          8.206183998811303E-5
28                       7.903648534396378E-5                          0.0049806243477894694                         8.723685001608396E-5
29                       8.186539265274649E-5                          0.0049813575628907475                         9.090455683298964E-5
30                       8.43658405295232E-5                           0.004981950975204733                          9.328183968074193E-5
31                       8.663123771463918E-5                          0.004982468694535759                          9.484569564542178E-5
32                       8.869472756962262E-5                          0.00498291726437781                           9.577326879650452E-5
33                       9.059832780918992E-5                          0.004983309204818567                          9.628585164939066E-5
34                       9.238639597233045E-5                          0.004983665131903933                          9.660225459378568E-5
35                       9.407186632461784E-5                          0.004983990329243682                          9.677210621483862E-5
36                       9.567166402977393E-5                          0.004984291173631784                          9.686563438671046E-5
37                       9.720111627793232E-5                          0.00498457136244909                           9.6931465161558E-5
38                       9.866725515533113E-5                          0.004984832789947548                          9.698110806021736E-5
39                       1.0007490749689533E-4                         0.004985076767116225                          9.702262987731738E-5
40                       1.014302111087458E-4                          0.004985304936458436                          9.706217909929408E-5
41                       1.0274143465363788E-4                         0.004985519505228298                          9.710044058204341E-5
42                       1.0400750192724163E-4                         0.004985720185671776                          9.713706884764399E-5
43                       1.0522860836108134E-4                         0.0049859072545566305                         9.717195189092265E-5
44                       1.0641282351620003E-4                         0.004986086754230308                          9.720465663856623E-5
45                       1.0755608156125956E-4                         0.004986255640268773                          9.723540129365159E-5
46                       1.0866079400874827E-4                         0.0049864146106161095                         9.726439326644257E-5
47                       1.0974030737580207E-4                         0.00498656752804423                           9.72927804691539E-5
48                       1.107874050496162E-4                          0.00498671230390866                           9.731994221266471E-5
49                       1.1180208703019061E-4                         0.004986848938209403                          9.734587849697502E-5
50                       1.1278435331752537E-4                         0.004986977430946456                          9.737058932208481E-5
51                       1.1373420391162044E-4                         0.0049870977821198205                         9.739407468799411E-5
52                       1.146575225700788E-4                          0.004987212317930303                          9.741651514070978E-5
53                       1.1556014150115945E-4                         0.004987323344198175                          9.743808964442171E-5
54                       1.1643497962214878E-4                         0.0049874280613484995                         9.74585809126108E-5
55                       1.1728203693304678E-4                         0.004987526469381276                          9.747798894527704E-5
56                       1.1810131343385344E-4                         0.004987618568296505                          9.74963137424205E-5
57                       1.1889280912456879E-4                         0.004987704358094188                          9.75135553040411E-5
58                       1.1966744268150943E-4                         0.004987787678866713                          9.753043721210918E-5
59                       1.2042488720283289E-4                         0.004987868415642887                          9.754693780280093E-5
60                       1.2115989658338524E-4                         0.00498794472337044                           9.756270941610767E-5
61                       1.2187247082316651E-4                         0.004988016602049376                          9.75777520520294E-5
62                       1.2256260992217667E-4                         0.004988084051679693                          9.759206571056608E-5
63                       1.2323031388041574E-4                         0.00498814707226139                           9.760565039171775E-5
64                       1.2389395327458896E-4                         0.004988211903898929                          9.761931870307416E-5
65                       1.2454402306230866E-4                         0.0049882753179262525                         9.76326501967795E-5
66                       1.2517806534180885E-4                         0.004988336479445038                          9.764553614953882E-5
67                       1.2579608011308952E-4                         0.0049883953884552815                         9.765797656135213E-5
68                       1.2639806737615067E-4                         0.004988452044956985                          9.766997143221942E-5
69                       1.2698402713099235E-4                         0.004988506448950148                          9.768152076214069E-5
70                       1.2755395937761446E-4                         0.00498855860043477                           9.769262455111591E-5
71                       1.281078641160171E-4                          0.004988608499410851                          9.770328279914514E-5
72                       1.286457413462002E-4                          0.004988656145878392                          9.771349550622834E-5
73                       1.291675910681638E-4                          0.004988701539837392                          9.772326267236552E-5
74                       1.296734132819079E-4                          0.004988744681287852                          9.773258429755669E-5
75                       1.3016903839967384E-4                         0.004988784705043259                          9.774160253899244E-5
76                       1.306632240472492E-4                          0.004988820311542039                          9.775053092522393E-5
77                       1.3114448031326955E-4                         0.004988853205795079                          9.775908930907588E-5
78                       1.316128071977349E-4                          0.004988883387802376                          9.776727769054832E-5
79                       1.3206820470064524E-4                         0.004988910857563933                          9.777509606964125E-5
80                       1.325106728220006E-4                          0.004988935615079748                          9.778254444635464E-5
81                       1.3294021156180094E-4                         0.004988957660349822                          9.77896228206885E-5
82                       1.3335682092004627E-4                         0.004988976993374155                          9.779633119264285E-5
83                       1.3376050089673662E-4                         0.004988993614152746                          9.780266956221768E-5
84                       1.3415125149187195E-4                         0.004989007522685597                          9.780863792941297E-5
85                       1.3452907270545227E-4                         0.004989018718972706                          9.781423629422874E-5
86                       1.348939645374776E-4                          0.004989027203014073                          9.781946465666498E-5
87                       1.3526283354373234E-4                         0.004989040575850093                          9.782511749581709E-5
88                       1.3562696010920573E-4                         0.004989054917217717                          9.783078505632538E-5
89                       1.359817197259076E-4                          0.004989068147978388                          9.78362500216074E-5
90                       1.3632711239383805E-4                         0.004989080268132104                          9.784151239166316E-5
91                       1.3666313811299698E-4                         0.004989091277678864                          9.784657216649264E-5
92                       1.3698979688338446E-4                         0.00498910117661867                           9.785142934609584E-5
93                       1.3730708870500044E-4                         0.004989109964951521                          9.785608393047277E-5
94                       1.3761501357784496E-4                         0.004989117642677418                          9.786053591962343E-5
95                       1.37913571501918E-4                           0.004989124209796358                          9.786478531354782E-5
96                       1.3820276247721955E-4                         0.0049891296663083454                         9.786883211224593E-5
97                       1.3848258650374959E-4                         0.004989134012213376                          9.787267631571779E-5
98                       1.3875642535366578E-4                         0.004989137509561936                          9.78764275780722E-5
99                       1.3903418742064886E-4                         0.00498914092614654                           9.7880407179404E-5
100                      1.3930514853277605E-4                         0.00498914343096075                           9.788426738797348E-5
101                      1.3956930869004732E-4                         0.004989145024004565                          9.78880082037807E-5
102                      1.3982666789246273E-4                         0.004989145705277988                          9.789162962682561E-5
103                      1.4007722614002222E-4                         0.004989145474781015                          9.789513165710824E-5
104                      1.403209834327258E-4                          0.0049891443325136495                         9.789851429462858E-5
105                      1.405579397705735E-4                          0.004989142278475888                          9.790177753938663E-5
106                      1.407880951535653E-4                          0.004989139312667735                          9.790492139138242E-5
107                      1.4101144958170118E-4                         0.004989135435089186                          9.79079458506159E-5
108                      1.4122800305498118E-4                         0.004989130645740243                          9.791085091708708E-5
109                      1.4143775557340528E-4                         0.004989124944620907                          9.791363659079598E-5
110                      1.4164814455521645E-4                         0.004989125640417021                          9.791649092131205E-5
111                      1.4185678331382707E-4                         0.004989130387752555                          9.791935356304619E-5
112                      1.4206041781725001E-4                         0.004989135988918742                          9.792214224022818E-5
113                      1.4225904806548534E-4                         0.004989142443915579                          9.792485695285807E-5
114                      1.424526740585331E-4                          0.004989149752743071                          9.792749770093583E-5
115                      1.426412957963932E-4                          0.004989157915401213                          9.793006448446148E-5
116                      1.428249132790657E-4                          0.00498916693189001                           9.7932557303435E-5
117                      1.430035265065506E-4                          0.004989176802209458                          9.793497615785641E-5
118                      1.4317713547884787E-4                         0.004989187526359558                          9.79373210477257E-5
119                      1.4334574019595752E-4                         0.004989199104340312                          9.793959197304286E-5
120                      1.4350934065787956E-4                         0.004989211536151716                          9.794178893380791E-5
121                      1.436693763446317E-4                          0.004989223812542708                          9.794393513203387E-5
122                      1.4383505587061682E-4                         0.0049892294771514065                         9.794617899520063E-5
123                      1.4399761866086287E-4                         0.004989234672209402                          9.794837931747544E-5
124                      1.441570647153699E-4                          0.004989239397716694                          9.795053609885825E-5
125                      1.4431339403413784E-4                         0.004989243653673285                          9.795264933934911E-5
126                      1.4446660661716676E-4                         0.004989247440079171                          9.795471903894802E-5
127                      1.4461670246445664E-4                         0.0049892507569343535                         9.795674519765491E-5
128                      1.4476368157600742E-4                         0.0049892536042388325                         9.795872781546985E-5
129                      1.4490754395181922E-4                         0.004989255981992609                          9.796066689239282E-5
130                      1.4504828959189191E-4                         0.004989257890195682                          9.79625624284238E-5
131                      1.451859184962256E-4                          0.004989259328848052                          9.796441442356282E-5
132                      1.453204306648202E-4                          0.00498926029794972                           9.796622287780985E-5
133                      1.4545182609767575E-4                         0.004989260797500683                          9.796798779116494E-5
134                      1.4558010479479228E-4                         0.004989260827500945                          9.796970916362803E-5
135                      1.4570526675616977E-4                         0.004989260387950503                          9.797138699519915E-5
136                      1.458273119818082E-4                          0.004989259478849357                          9.797302128587831E-5
137                      1.4594624047170758E-4                         0.004989258100197508                          9.797461203566548E-5
138                      1.4606205222586792E-4                         0.004989256251994957                          9.797615924456069E-5
139                      1.461747472442892E-4                          0.004989253934241701                          9.797766291256393E-5
140                      1.4628432552697142E-4                         0.004989251146937743                          9.797912303967519E-5
141                      1.4639078707391463E-4                         0.0049892478900830815                         9.798053962589447E-5
142                      1.4649413188511874E-4                         0.0049892441636777175                         9.79819126712218E-5
143                      1.4659435996058383E-4                         0.0049892399677216506                         9.798324217565712E-5
144                      1.4669182601073988E-4                         0.004989235616018003                          9.798453345386903E-5
145                      1.4679575631927565E-4                         0.004989239270820824                          9.798592474436282E-5
146                      1.4689739211465208E-4                         0.004989243183471948                          9.798728481342332E-5
147                      1.4699673339686924E-4                         0.0049892473539713735                         9.798861366105048E-5
148                      1.4709378016592703E-4                         0.004989251782319101                          9.798991128724433E-5
149                      1.4718853242182551E-4                         0.004989256468515131                          9.799117769200487E-5
150                      1.472809901645647E-4                          0.004989261412559464                          9.79924128753321E-5
151                      1.473711533941445E-4                          0.004989266614452099                          9.799361683722601E-5
152                      1.4745902211056505E-4                         0.004989272074193037                          9.79947895776866E-5
153                      1.4754459631382625E-4                         0.004989277791782276                          9.799593109671389E-5
154                      1.4762787600392814E-4                         0.004989283767219819                          9.799704139430785E-5
155                      1.4770886118087073E-4                         0.004989290000505662                          9.79981204704685E-5
156                      1.4778755184465396E-4                         0.004989296491639808                          9.799916832519582E-5
157                      1.4786394799527788E-4                         0.004989303240622257                          9.800018495848985E-5
158                      1.479380496327425E-4                          0.004989310247453008                          9.800117037035056E-5
159                      1.480098567570478E-4                          0.004989317512132062                          9.800212456077793E-5
160                      1.4807936936819374E-4                         0.004989325034659416                          9.8003047529772E-5
161                      1.4814658746618037E-4                         0.004989332815035075                          9.800393927733277E-5
162                      1.482115110510077E-4                          0.004989340853259035                          9.800479980346019E-5
163                      1.482741401226757E-4                          0.004989349149331298                          9.80056291081543E-5
164                      1.4833447468118438E-4                         0.004989357703251862                          9.800642719141512E-5
165                      1.4839251472653376E-4                         0.0049893665150207295                         9.800719405324262E-5
166                      1.484482602587238E-4                          0.004989375584637899                          9.80079296936368E-5
167                      1.4850171127775452E-4                         0.004989384912103371                          9.800863411259765E-5
168                      1.4856302602419302E-4                         0.00498939242288471                           9.800950416234279E-5
169                      1.4862351931571913E-4                         0.004989399890683998                          9.801037153642298E-5
170                      1.4868261345380145E-4                         0.004989407433479768                          9.801122503986448E-5
171                      1.4874030843844E-4                            0.004989415051272022                          9.801206467266724E-5
172                      1.4879660426963482E-4                         0.004989422744060758                          9.801289043483128E-5
173                      1.4885150094738584E-4                         0.004989430511845977                          9.801370232635662E-5
174                      1.4890499847169315E-4                         0.004989438354627678                          9.801450034724323E-5
175                      1.4895709684255667E-4                         0.0049894462724058624                         9.80152844974911E-5
176                      1.4900779605997645E-4                         0.004989454265180529                          9.801605477710027E-5
177                      1.4905709612395246E-4                         0.004989462332951679                          9.801681118607073E-5
178                      1.491049970344847E-4                          0.004989470475719313                          9.801755372440246E-5
179                      1.491514987915732E-4                          0.004989478693483429                          9.801828239209546E-5
180                      1.4919660139521795E-4                         0.004989486986244028                          9.801899718914977E-5
181                      1.4924030484541893E-4                         0.00498949535400111                           9.801969811556533E-5
182                      1.4928260914217614E-4                         0.004989503796754673                          9.80203851713422E-5
183                      1.493235142854896E-4                          0.00498951231450472                           9.802105835648032E-5
184                      1.493630202753593E-4                          0.0049895209072512514                         9.802171767097975E-5
185                      1.4940112711178525E-4                         0.004989529574994264                          9.802236311484043E-5
186                      1.4943783479476742E-4                         0.00498953831773376                           9.802299468806242E-5
187                      1.4947314332430586E-4                         0.004989547135469737                          9.802361239064566E-5
188                      1.4950705270040052E-4                         0.004989556028202199                          9.80242162225902E-5
189                      1.4953956292305143E-4                         0.004989564995931143                          9.802480618389603E-5
190                      1.495706739922586E-4                          0.004989574038656571                          9.802538227456313E-5
191                      1.4960622548002134E-4                         0.004989583662984672                          9.802596180966358E-5
192                      1.4964193350648308E-4                         0.004989593497271763                          9.802653208694995E-5
193                      1.496768157745977E-4                          0.004989603456299653                          9.802709019378683E-5
194                      1.4971087228436532E-4                         0.0049896135400683385                         9.802763613017424E-5
195                      1.4974410303578582E-4                         0.004989623748577822                          9.802816989611216E-5
196                      1.4977650802885928E-4                         0.004989634081828103                          9.802869149160058E-5
197                      1.4980808726358568E-4                         0.004989644539819181                          9.802920091663952E-5
198                      1.49838840739965E-4                           0.004989655122551057                          9.802969817122895E-5
199                      1.4986876845799724E-4                         0.00498966583002373                           9.803018325536891E-5
200                      1.4989787041768245E-4                         0.004989676662237201                          9.803065616905939E-5
201                      1.4992614661902057E-4                         0.004989687619191468                          9.803111691230038E-5
202                      1.499535970620116E-4                          0.004989698700886533                          9.803156548509187E-5
203                      1.4998022174665562E-4                         0.004989709907322396                          9.803200188743388E-5
204                      1.5000602067295253E-4                         0.004989721238499056                          9.803242611932639E-5
205                      1.5003099384090237E-4                         0.004989732694416515                          9.803283818076942E-5
206                      1.5005514125050515E-4                         0.004989744275074769                          9.803323807176296E-5
207                      1.500784629017609E-4                          0.004989755980473821                          9.803362579230703E-5
208                      1.5010095879466954E-4                         0.004989767810613672                          9.803400134240159E-5
209                      1.5012262892923113E-4                         0.00498977976549432                           9.803436472204668E-5
210                      1.5014347330544566E-4                         0.004989791845115764                          9.803471593124226E-5
211                      1.5016349192331312E-4                         0.0049898040494780055                         9.803505496998835E-5
212                      1.501826847828335E-4                          0.004989816378581045                          9.803538183828497E-5
213                      1.502010518840068E-4                          0.0049898288324248825                         9.803569653613211E-5
214                      1.5022282734902313E-4                         0.004989841068428607                          9.803606055393651E-5
215                      1.5024554555111255E-4                         0.004989853286084965                          9.803643808441954E-5
216                      1.502679068024563E-4                          0.004989865590551109                          9.803681025275216E-5
217                      1.5028991110305442E-4                         0.00498987798182704                           9.803717705893436E-5
218                      1.5031155845290686E-4                         0.004989890459912758                          9.80375385029661E-5
219                      1.5033284885201362E-4                         0.004989903024808262                          9.803789458484741E-5
220                      1.503537823003747E-4                          0.004989915676513553                          9.80382453045783E-5
221                      1.5037435879799012E-4                         0.00498992841502863                           9.803859066215874E-5
222                      1.503945783448599E-4                          0.0049899412403534935                         9.803893065758875E-5
223                      1.50414440940984E-4                           0.004989954152488145                          9.803926529086834E-5
224                      1.504339465863624E-4                          0.004989967151432581                          9.80395945619975E-5
225                      1.504530952809952E-4                          0.0049899802371868055                         9.803991847097621E-5
226                      1.504718870248823E-4                          0.004989993409750816                          9.804023701780449E-5
227                      1.5049032181802368E-4                         0.0049900066691246124                         9.804055020248233E-5
228                      1.5050839966041944E-4                         0.004990020015308195                          9.804085802500974E-5
229                      1.5052612055206952E-4                         0.004990033448301566                          9.804116048538673E-5
230                      1.5054348449297395E-4                         0.004990046968104723                          9.804145758361329E-5
231                      1.505604914831327E-4                          0.004990060574717666                          9.804174931968939E-5
232                      1.505771415225458E-4                          0.004990074268140396                          9.804203569361508E-5
233                      1.5059343461121323E-4                         0.004990088048372912                          9.804231670539033E-5
234                      1.5060937074913496E-4                         0.004990101915415215                          9.804259235501513E-5
235                      1.5062494993631106E-4                         0.004990115869267304                          9.804286264248953E-5
236                      1.5064017217274149E-4                         0.00499012990992918                           9.804312756781346E-5
237                      1.5065503745842623E-4                         0.004990144037400844                          9.804338713098699E-5
238                      1.506695457933653E-4                          0.004990158251682293                          9.804364133201006E-5
239                      1.5068369717755872E-4                         0.0049901725527735285                         9.804389017088272E-5
240                      1.5069749161100647E-4                         0.00499018694067455                           9.804413364760493E-5
241                      1.5071092909370854E-4                         0.0049902014153853595                         9.80443717621767E-5
242                      1.5072400962566499E-4                         0.004990215976905955                          9.804460451459806E-5
243                      1.5073673320687572E-4                         0.004990230625236337                          9.804483190486897E-5
244                      1.5074909983734078E-4                         0.004990245360376506                          9.804505393298945E-5
245                      1.507611095170602E-4                          0.004990260182326461                          9.804527059895949E-5
246                      1.5077276224603395E-4                         0.004990275091086203                          9.80454819027791E-5
247                      1.5078405802426204E-4                         0.004990290086655732                          9.804568784444828E-5
248                      1.5079499685174443E-4                         0.004990305169035047                          9.804588842396704E-5
249                      1.5080557872848118E-4                         0.004990320338224148                          9.804608364133536E-5
250                      1.5081580365447226E-4                         0.0049903355942230365                         9.804627349655323E-5
251                      1.5082567162971768E-4                         0.004990350937031711                          9.804645798962068E-5
252                      1.508351826542174E-4                          0.004990366366650173                          9.804663712053769E-5
253                      1.5084433672797148E-4                         0.004990381883078421                          9.804681088930427E-5
254                      1.508531338509799E-4                          0.004990397486316455                          9.804697929592041E-5
255                      1.5086157402324264E-4                         0.0049904131763642764                         9.804714234038613E-5
256                      1.5086965724475968E-4                         0.004990428953221883                          9.804730002270143E-5
257                      1.508773835155311E-4                          0.004990444816889278                          9.804745234286625E-5
258                      1.5088475283555683E-4                         0.004990460767366459                          9.804759930088068E-5
259                      1.508917652048369E-4                          0.004990476804653426                          9.804774089674466E-5
260                      1.5090029081633164E-4                         0.004990490583843317                          9.804790230026053E-5
261                      1.509099762655717E-4                          0.00499050254804579                           9.804807875517006E-5
262                      1.509194449302782E-4                          0.004990514423313238                          9.804825173434193E-5
263                      1.509286968104512E-4                          0.004990526209645658                          9.80484212377761E-5
264                      1.5093773190609071E-4                         0.004990537907043052                          9.80485872654726E-5
265                      1.509465502171967E-4                          0.004990549515505419                          9.804874981743142E-5
266                      1.5095515174376917E-4                         0.004990561035032759                          9.804890889365255E-5
267                      1.5096353648580811E-4                         0.004990572465625072                          9.804906449413601E-5
268                      1.5097170444331354E-4                         0.004990583807282358                          9.804921661888179E-5
269                      1.5097965561628547E-4                         0.004990595060004617                          9.804936526788989E-5
270                      1.5098739000472385E-4                         0.00499060622379185                           9.804951044116032E-5
271                      1.5099490760862877E-4                         0.004990617298644055                          9.804965213869306E-5
272                      1.5100220842800014E-4                         0.004990628284561234                          9.804979036048813E-5
273                      1.51009292462838E-4                           0.004990639181543388                          9.80499251065455E-5
274                      1.5101615971314236E-4                         0.004990649989590512                          9.80500563768652E-5
275                      1.5102281017891317E-4                         0.0049906607087026105                         9.805018417144722E-5
276                      1.5102924386015048E-4                         0.0049906713388796825                         9.805030849029155E-5
277                      1.5103546075685432E-4                         0.004990681880121728                          9.805042933339822E-5
278                      1.510414608690246E-4                          0.004990692332428746                          9.805054670076719E-5
279                      1.5104724419666137E-4                         0.004990702695800737                          9.805066059239849E-5
280                      1.5105281073976465E-4                         0.004990712970237701                          9.805077100829212E-5
281                      1.5105816049833438E-4                         0.004990723155739639                          9.805087794844806E-5
282                      1.5106329347237062E-4                         0.00499073325230655                           9.805098141286632E-5
283                      1.5106820966187334E-4                         0.004990743259938434                          9.805108140154691E-5
284                      1.510729090668425E-4                          0.00499075317863529                           9.805117791448981E-5
285                      1.510773916872782E-4                          0.004990763008397121                          9.805127095169503E-5
286                      1.510816575231804E-4                          0.004990772749223924                          9.805136051316256E-5
287                      1.5108570657454905E-4                         0.004990782401115701                          9.805144659889243E-5
288                      1.510895388413842E-4                          0.004990791964072452                          9.805152920888461E-5
289                      1.5109315432368581E-4                         0.004990801438094174                          9.80516083431391E-5
290                      1.5109655302145394E-4                         0.00499081082318087                           9.805168400165592E-5
291                      1.5109973493468854E-4                         0.0049908201193325395                         9.805175618443507E-5
292                      1.5110270006338963E-4                         0.004990829326549182                          9.805182489147654E-5
293                      1.511054484075572E-4                          0.004990838444830799                          9.805189012278032E-5
294                      1.5110797996719126E-4                         0.004990847474177386                          9.805195187834642E-5
295                      1.511102947422918E-4                          0.004990856414588949                          9.805201015817484E-5
296                      1.5111239273285883E-4                         0.004990865266065485                          9.805206496226559E-5
297                      1.5111427393889234E-4                         0.004990874028606993                          9.805211629061866E-5
298                      1.5111593836039235E-4                         0.004990882702213474                          9.805216414323404E-5
299                      1.5111738599735882E-4                         0.00499089128688493                           9.805220852011174E-5
300                      1.5111861684979178E-4                         0.0049908997826213575                         9.805224942125175E-5
301                      1.5111963091769126E-4                         0.004990908189422758                          9.80522868466541E-5
302                      1.511204282010572E-4                          0.004990916507289133                          9.805232079631876E-5
303                      1.5112100869988962E-4                         0.00499092473622048                           9.805235127024575E-5
304                      1.5112137241418854E-4                         0.004990932876216802                          9.805237826843505E-5
305                      1.5112151934395393E-4                         0.004990940927278096                          9.805240179088667E-5
306                      1.511226566569118E-4                          0.004990948888383344                          9.805244347315631E-5
307                      1.5112560637629962E-4                         0.0049909567588372825                         9.805251804801817E-5
308                      1.511284742865131E-4                          0.004990964540242032                          9.805259156624853E-5
309                      1.5113126038755227E-4                         0.004990972232597592                          9.805266402784739E-5
310                      1.511339646794171E-4                          0.004990979835903965                          9.805273543281472E-5
311                      1.5113658716210763E-4                         0.00499098735016115                           9.805280578115059E-5
312                      1.5113912783562385E-4                         0.004990994775369143                          9.80528750728549E-5
313                      1.5114158669996572E-4                         0.0049910021115279505                         9.805294330792774E-5
314                      1.5114396375513327E-4                         0.0049910093586375695                         9.805301048636906E-5
315                      1.5114625900112651E-4                         0.004991016516697999                          9.80530766081789E-5
316                      1.511484724379454E-4                          0.00499102358570924                           9.805314167335723E-5
317                      1.5115060406559002E-4                         0.004991030565671293                          9.805320568190405E-5
318                      1.5115265388406028E-4                         0.004991037456584156                          9.805326863381936E-5
319                      1.511546218933562E-4                          0.004991044258447832                          9.805333052910317E-5
320                      1.5115650809347783E-4                         0.004991050971262319                          9.805339136775548E-5
321                      1.5115831248442514E-4                         0.004991057595027617                          9.805345114977629E-5
322                      1.511600350661981E-4                          0.004991064129743727                          9.805350987516558E-5
323                      1.5116167583879676E-4                         0.004991070575410647                          9.805356754392336E-5
324                      1.5116323480222104E-4                         0.0049910769320283795                         9.805362415604967E-5
325                      1.5116471195647106E-4                         0.004991083199596924                          9.805367971154445E-5
326                      1.5116610730154674E-4                         0.004991089378116279                          9.805373421040773E-5
327                      1.5116742083744813E-4                         0.004991095467586446                          9.805378765263951E-5
328                      1.5116865256417511E-4                         0.004991101468007425                          9.805384003823979E-5
329                      1.5116980248172784E-4                         0.0049911073793792145                         9.805389136720855E-5
330                      1.5117087059010622E-4                         0.004991113201701817                          9.805394163954582E-5
331                      1.5117185688931031E-4                         0.004991118934975229                          9.805399085525159E-5
332                      1.5117276137934006E-4                         0.004991124579199453                          9.805403901432583E-5
333                      1.5117358406019547E-4                         0.004991130134374488                          9.805408611676859E-5
334                      1.5117432493187656E-4                         0.004991135600500336                          9.805413216257985E-5
335                      1.5117498399438333E-4                         0.004991140977576994                          9.805417715175959E-5
336                      1.5117556124771578E-4                         0.004991146265604464                          9.805422108430782E-5
337                      1.5117605669187392E-4                         0.004991151464582746                          9.805426396022458E-5
338                      1.5117647032685772E-4                         0.0049911565745118375                         9.80543057795098E-5
339                      1.5117680215266717E-4                         0.004991161595391742                          9.805434654216353E-5
340                      1.5117705216930236E-4                         0.004991166527222458                          9.805438624818576E-5
341                      1.511772203767632E-4                          0.004991171370003985                          9.805442489757648E-5
342                      1.511773067750497E-4                          0.004991176123736323                          9.80544624903357E-5
343                      1.511773113641619E-4                          0.004991180788419474                          9.805449902646342E-5
344                      1.5117723414409976E-4                         0.0049911853640534345                         9.805453450595961E-5
345                      1.5117707511486328E-4                         0.004991189850638208                          9.805456892882432E-5
346                      1.5117683427645252E-4                         0.004991194248173792                          9.80546022950575E-5
347                      1.511765116288674E-4                          0.004991198556660187                          9.805463460465922E-5
348                      1.5117610717210798E-4                         0.004991202776097395                          9.805466585762942E-5
349                      1.5117562090617424E-4                         0.004991206906485414                          9.805469605396809E-5
350                      1.5117505283106616E-4                         0.004991210947824243                          9.805472519367529E-5
351                      1.5117440294678378E-4                         0.004991214900113885                          9.805475327675096E-5
352                      1.5117367125332706E-4                         0.004991218763354338                          9.805478030319513E-5
353                      1.51172857750696E-4                           0.004991222537545602                          9.805480627300781E-5
354                      1.5117249568909712E-4                         0.004991226604343663                          9.805483585739893E-5
355                      1.511729466398616E-4                          0.004991231222531093                          9.805487222369143E-5
356                      1.5117337317040538E-4                         0.004991235792743558                          9.805490803607299E-5
357                      1.5117377528072853E-4                         0.004991240314981058                          9.805494329454362E-5
358                      1.5117415297083103E-4                         0.004991244789243591                          9.805497799910334E-5
359                      1.5117450624071286E-4                         0.004991249215531159                          9.805501214975212E-5
360                      1.51174835090374E-4                           0.004991253593843759                          9.805504574648997E-5
361                      1.5117513951981454E-4                         0.0049912579241813936                         9.80550787893169E-5
362                      1.511754195290344E-4                          0.004991262206544062                          9.80551112782329E-5
363                      1.5117567511803358E-4                         0.0049912664409317645                         9.805514321323798E-5
364                      1.5117590628681212E-4                         0.004991270627344501                          9.805517459433212E-5
365                      1.5117611303536998E-4                         0.0049912747657822705                         9.805520542151535E-5
366                      1.511762953637072E-4                          0.004991278856245074                          9.805523569478764E-5
367                      1.5117645327182374E-4                         0.004991282898732912                          9.8055265414149E-5
368                      1.5117658675971963E-4                         0.004991286893245784                          9.805529457959945E-5
369                      1.5117669582739488E-4                         0.004991290839783689                          9.805532319113895E-5
370                      1.5117678047484945E-4                         0.004991294738346629                          9.805535124876755E-5
371                      1.5117684070208338E-4                         0.004991298588934602                          9.80553787524852E-5
372                      1.5117687650909663E-4                         0.004991302391547609                          9.805540570229195E-5
373                      1.5117688789588924E-4                         0.00499130614618565                           9.805543209818774E-5
374                      1.511768748624612E-4                          0.004991309852848725                          9.805545794017262E-5
375                      1.5117683740881248E-4                         0.0049913135115368336                         9.805548322824657E-5
376                      1.5117677553494309E-4                         0.004991317122249976                          9.80555079624096E-5
377                      1.5117668924085305E-4                         0.004991320684988153                          9.805553214266168E-5
378                      1.5117657852654236E-4                         0.004991324199751362                          9.805555576900286E-5
379                      1.51176443392011E-4                           0.004991327666539607                          9.805557884143311E-5
380                      1.5117628383725897E-4                         0.004991331085352884                          9.805560135995242E-5
381                      1.511760998622863E-4                          0.004991334456191197                          9.805562332456081E-5
382                      1.5117589146709296E-4                         0.004991337779054542                          9.805564473525827E-5
383                      1.5117565865167896E-4                         0.004991341053942921                          9.805566559204481E-5
384                      1.5117540141604434E-4                         0.004991344280856334                          9.805568589492043E-5
385                      1.5117511976018902E-4                         0.004991347459794781                          9.805570564388509E-5
386                      1.5117481368411305E-4                         0.004991350590758262                          9.805572483893885E-5
387                      1.511744831878164E-4                          0.004991353673746778                          9.805574348008168E-5
388                      1.5117412827129914E-4                         0.004991356708760326                          9.805576156731359E-5
389                      1.5117374893456118E-4                         0.004991359695798909                          9.805577910063455E-5
390                      1.5117334517760256E-4                         0.004991362634862525                          9.80557960800446E-5
391                      1.511729170004233E-4                          0.004991365525951175                          9.805581250554372E-5
392                      1.511724644030234E-4                          0.004991368369064859                          9.805582837713191E-5
393                      1.511719873854028E-4                          0.0049913711642035775                         9.805584369480917E-5
394                      1.5117148594756153E-4                         0.004991373911367329                          9.805585845857552E-5
395                      1.5117096008949963E-4                         0.004991376610556115                          9.805587266843094E-5
396                      1.5117040981121708E-4                         0.0049913792617699345                         9.805588632437542E-5
397                      1.5116983511271386E-4                         0.004991381865008787                          9.805589942640897E-5
398                      1.5116923599398996E-4                         0.004991384420272676                          9.80559119745316E-5
399                      1.5116861245504545E-4                         0.0049913869275615965                         9.805592396874331E-5
400                      1.5116796449588025E-4                         0.004991389386875551                          9.805593540904408E-5
401                      1.5116729211649436E-4                         0.00499139179821454                           9.805594629543393E-5
402                      1.5116679004291466E-4                         0.004991394442642115                          9.805596024688591E-5
403                      1.511665903094991E-4                          0.004991397510733964                          9.805597971725167E-5
404                      1.511663871124848E-4                          0.004991400561099204                          9.805599902318424E-5
405                      1.511661804518717E-4                          0.004991403593737836                          9.805601816468358E-5
406                      1.5116597032765975E-4                         0.00499140660864986                           9.805603714174974E-5
407                      1.5116575673984899E-4                         0.0049914096058352765                         9.805605595438267E-5
408                      1.511655396884394E-4                          0.004991412585294084                          9.805607460258244E-5
409                      1.5116531917343105E-4                         0.0049914155470262836                         9.805609308634898E-5
410                      1.5116509519482387E-4                         0.004991418491031877                          9.805611140568231E-5
411                      1.5116486775261785E-4                         0.0049914214173108614                         9.805612956058246E-5
412                      1.5116463684681304E-4                         0.004991424325863237                          9.805614755104938E-5
413                      1.5116440247740944E-4                         0.004991427216689005                          9.805616537708312E-5
414                      1.51164164644407E-4                           0.0049914300897881654                         9.805618303868364E-5
415                      1.5116392334780577E-4                         0.0049914329451607176                         9.805620053585098E-5
416                      1.5116367858760573E-4                         0.004991435782806662                          9.805621786858511E-5
417                      1.5116343036380685E-4                         0.004991438602725998                          9.805623503688603E-5
418                      1.5116317867640917E-4                         0.004991441404918727                          9.805625204075374E-5
419                      1.511629235254127E-4                          0.0049914441893848475                         9.805626888018825E-5
420                      1.5116266491081742E-4                         0.00499144695612436                           9.805628555518957E-5
421                      1.511624028326233E-4                          0.004991449705137265                          9.805630206575769E-5
422                      1.511621372908304E-4                          0.004991452436423562                          9.805631841189258E-5
423                      1.511618682854387E-4                          0.00499145514998325                           9.80563345935943E-5
424                      1.5116159581644815E-4                         0.0049914578458163305                         9.80563506108628E-5
425                      1.5116131988385882E-4                         0.004991460523922803                          9.805636646369809E-5
426                      1.5116104048767064E-4                         0.004991463184302668                          9.805638215210019E-5
427                      1.511607576278837E-4                          0.004991465826955925                          9.805639767606907E-5
428                      1.5116047130449793E-4                         0.004991468451882574                          9.805641303560477E-5
429                      1.5116018151751332E-4                         0.004991471059082614                          9.805642823070725E-5
430                      1.5115988826692995E-4                         0.004991473648556048                          9.805644326137654E-5
431                      1.5115959155274775E-4                         0.004991476220302872                          9.805645812761263E-5
432                      1.5115929137496674E-4                         0.00499147877432309                           9.80564728294155E-5
433                      1.511589877335869E-4                          0.004991481310616698                          9.805648736678519E-5
434                      1.5115868062860828E-4                         0.004991483829183699                          9.805650173972165E-5
435                      1.511583700600308E-4                          0.004991486330024093                          9.805651594822492E-5
436                      1.511580560278546E-4                          0.004991488813137877                          9.805652999229499E-5
437                      1.511577385320795E-4                          0.004991491278525054                          9.805654387193185E-5
438                      1.5115741757270562E-4                         0.004991493726185623                          9.805655758713552E-5
439                      1.5115709314973293E-4                         0.004991496156119585                          9.805657113790597E-5
440                      1.5115676526316143E-4                         0.004991498568326938                          9.805658452424323E-5
441                      1.5115643391299112E-4                         0.004991500962807683                          9.805659774614728E-5
442                      1.5115609909922202E-4                         0.00499150333956182                           9.805661080361813E-5
443                      1.5115576082185407E-4                         0.004991505698589349                          9.805662369665579E-5
444                      1.5115541908088733E-4                         0.00499150803989027                           9.805663642526023E-5
445                      1.5115507387632182E-4                         0.004991510363464584                          9.805664898943147E-5
446                      1.5115472520815744E-4                         0.00499151266931229                           9.805666138916952E-5
447                      1.5115437307639426E-4                         0.004991514957433387                          9.805667362447435E-5
448                      1.5115401748103227E-4                         0.004991517227827876                          9.805668569534599E-5
449                      1.5115365842207148E-4                         0.004991519480495758                          9.805669760178441E-5
450                      1.5115334479409096E-4                         0.004991521811772884                          9.805670968586847E-5
451                      1.5115310975015442E-4                         0.004991524286979963                          9.805672217954533E-5
452                      1.5115287650470559E-4                         0.0049915267548281995                         9.805673454560386E-5
453                      1.5115264505774446E-4                         0.004991529215317597                          9.805674678404409E-5
454                      1.5115241540927107E-4                         0.0049915316684481514                         9.8056758894866E-5
455                      1.5115218755928545E-4                         0.004991534114219864                          9.80567708780696E-5
456                      1.5115196150778754E-4                         0.004991536552632738                          9.805678273365487E-5
457                      1.511517372547773E-4                          0.004991538983686768                          9.805679446162181E-5
458                      1.5115151480025486E-4                         0.0049915414073819575                         9.805680606197046E-5
459                      1.511512941442201E-4                          0.004991543823718306                          9.805681753470077E-5
460                      1.5115107528667309E-4                         0.0049915462326958135                         9.805682887981279E-5
461                      1.5115085822761383E-4                         0.0049915486343144804                         9.805684009730648E-5
462                      1.5115064296704228E-4                         0.004991551028574305                          9.805685118718184E-5
463                      1.5115042950495844E-4                         0.004991553415475288                          9.80568621494389E-5
464                      1.5115021784136237E-4                         0.00499155579501743                           9.805687298407763E-5
465                      1.51150007976254E-4                           0.004991558167200731                          9.805688369109806E-5
466                      1.5114979990963338E-4                         0.00499156053202519                           9.805689427050015E-5
467                      1.5114959364150046E-4                         0.004991562889490809                          9.805690472228394E-5
468                      1.511493891718553E-4                          0.004991565239597586                          9.80569150464494E-5
469                      1.5114918650069786E-4                         0.004991567582345521                          9.805692524299654E-5
470                      1.511489856280281E-4                          0.004991569917734615                          9.805693531192539E-5
471                      1.5114878655384613E-4                         0.004991572245764869                          9.80569452532359E-5
472                      1.5114858927815187E-4                         0.004991574566436281                          9.805695506692809E-5
473                      1.5114839380094534E-4                         0.004991576879748851                          9.805696475300198E-5
474                      1.5114820012222655E-4                         0.00499157918570258                           9.805697431145753E-5
475                      1.5114800824199548E-4                         0.004991581484297468                          9.805698374229479E-5
476                      1.511478181602521E-4                          0.004991583775533515                          9.805699304551372E-5
477                      1.511476298769965E-4                          0.004991586059410721                          9.805700222111432E-5
478                      1.511474433922286E-4                          0.004991588335929085                          9.805701126909662E-5
479                      1.5114725870594845E-4                         0.004991590605088608                          9.805702018946059E-5
480                      1.5114707581815603E-4                         0.00499159286688929                           9.805702898220626E-5
