Parameter Sweep Results: distance_between
================================================================================

Value           Final_I2        I2_err          Final_S2        S2_err          S2_total        S2tot_err       t_half          t_err           Wall_time       WT_err         
------------------------------------------------------------------------------------------------------------------------------------------------------------------------------------
100             0.000160082     0               1.87246         0               6.97512         0               0.0945463       0               12197.8         0              
300             0.000220407     0               1.35919         0               6.46104         0               0.184204        0               12819.9         0              
500             0.000307818     0               0.97276         0               6.07668         0               0.300944        0               13503.9         0              
700             0.00043975      0               0.681437        0               5.8019          0               0.444779        0               13865.8         0              
1000            0.00079724      0               0.374536        0               5.49416         0               0.719072        0               11610.9         0              
1500            0.00365075      0               0.0805784       0               5.17077         0               1.41326         0               11298.6         0              
